5 0.56796875 0.875 0.008203125 0.021875
5 0.3203125 0.1140625 0.0125 0.018359375
5 0.78046875 0.17734375 0.013671875 0.023828125
5 0.3828125 0.04296875 0.009765625 0.0234375
5 0.70078125 0.69765625 0.0140625 0.016796875
5 0.35546875 0.32421875 0.0125 0.014453125
5 0.384375 0.7171875 0.01328125 0.016015625
5 0.56171875 0.5828125 0.0109375 0.025
5 0.8 0.496875 0.009375 0.025
5 0.63125 0.3265625 0.012109375 0.01875
5 0.3515625 0.54765625 0.012109375 0.025
5 0.40234375 0.953125 0.014453125 0.018359375