4 0.8546875 0.2515625 0.012890625 0.034375
4 0.87265625 0.02890625 0.014453125 0.0359375
1 0.95234375 0.2328125 0.0171875 0.040234375
1 0.82265625 0.28125 0.019921875 0.03046875
4 0.82265625 0.190625 0.014453125 0.031640625
1 0.9140625 0.2515625 0.021484375 0.03125
4 0.5796875 0.5046875 0.015234375 0.041015625
4 0.784375 0.228125 0.012109375 0.031640625
4 0.6046875 0.2609375 0.015234375 0.037890625
4 0.63515625 0.34140625 0.015625 0.038671875
4 0.4984375 0.559375 0.015234375 0.0375
4 0.584375 0.38515625 0.01796875 0.042578125