2 0.34140625 0.50234375 0.0109375 0.023828125
2 0.53046875 0.5625 0.011328125 0.02421875
2 0.80546875 0.41015625 0.013671875 0.0265625
2 0.44609375 0.43125 0.014453125 0.028125
2 0.628125 0.49140625 0.01875 0.026171875
2 0.35390625 0.67421875 0.0125 0.020703125
2 0.73828125 0.43515625 0.009375 0.0171875
2 0.1421875 0.64453125 0.015625 0.023828125
2 0.59921875 0.4390625 0.011328125 0.021484375
2 0.63984375 0.23828125 0.011328125 0.019921875
2 0.1796875 0.77421875 0.01484375 0.0203125
2 0.67890625 0.2921875 0.0109375 0.016015625
2 0.58046875 0.32578125 0.009375 0.01875
2 0.153125 0.709375 0.012109375 0.01953125
2 0.24296875 0.725 0.010546875 0.016015625
2 0.27421875 0.53984375 0.011328125 0.01875
2 0.4390625 0.6234375 0.01015625 0.022265625
2 0.6734375 0.49609375 0.0125 0.01875
2 0.18046875 0.61484375 0.016796875 0.020703125