5 0.61015625 0.4703125 0.01015625 0.0234375
5 0.584375 0.1328125 0.0125 0.01640625
5 0.76875 0.3328125 0.0109375 0.0203125
5 0.159375 0.72265625 0.015625 0.01953125
5 0.7 0.075 0.0109375 0.01875
5 0.5859375 0.1828125 0.0125 0.01640625
5 0.33203125 0.80703125 0.0109375 0.01640625
5 0.76953125 0.6328125 0.0109375 0.02265625
5 0.8125 0.42890625 0.00859375 0.0234375
5 0.43828125 0.43671875 0.009375 0.01796875
5 0.6828125 0.83671875 0.0109375 0.0203125
5 0.27578125 0.4515625 0.0109375 0.01796875
5 0.490625 0.7 0.01484375 0.01640625