5 0.20859375 0.63828125 0.013671875 0.0140625
5 0.240625 0.0390625 0.01171875 0.021484375
5 0.33828125 0.8609375 0.0140625 0.018359375
5 0.23046875 0.240625 0.011328125 0.021484375
5 0.265625 0.08046875 0.012890625 0.0171875
5 0.3453125 0.5484375 0.012890625 0.015625
5 0.33125 0.3765625 0.01171875 0.021484375
5 0.09296875 0.23359375 0.009375 0.0265625
5 0.28671875 0.5796875 0.011328125 0.015625
5 0.35390625 0.47578125 0.011328125 0.019921875
5 0.19296875 0.453125 0.008203125 0.018359375
5 0.18671875 0.0125 0.007421875 0.025
5 0.34375 0.75234375 0.01171875 0.0203125