5 0.94140625 0.45390625 0.016796875 0.023046875
5 0.4859375 0.68125 0.015625 0.019140625
5 0.76171875 0.3375 0.014453125 0.01953125
5 0.2828125 0.434375 0.01640625 0.018359375
5 0.2984375 0.846875 0.0125 0.02421875
5 0.30546875 0.725 0.008203125 0.024609375
5 0.415625 0.41484375 0.0125 0.0203125
5 0.65859375 0.7640625 0.015625 0.021484375
5 0.4015625 0.3671875 0.012890625 0.021875
5 0.6203125 0.4765625 0.00859375 0.02109375
5 0.4 0.98359375 0.01171875 0.029296875
5 0.82578125 0.6953125 0.011328125 0.028515625