2 0.5671875 0.53359375 0.01484375 0.019921875
2 0.83515625 0.41015625 0.014453125 0.023046875
2 0.684375 0.57265625 0.01171875 0.0234375
2 0.49296875 0.528125 0.013671875 0.022265625
2 0.71640625 0.396875 0.0125 0.024609375
2 0.9921875 0.41875 0.0125 0.022265625
2 0.984375 0.54140625 0.009765625 0.0203125
2 0.53359375 0.37890625 0.013671875 0.017578125
2 0.99609375 0.6140625 0.0078125 0.025390625
2 0.8875 0.60859375 0.01328125 0.0265625
2 0.48359375 0.446875 0.011328125 0.015625
2 0.78125 0.5921875 0.0125 0.01875
2 0.64140625 0.37890625 0.0125 0.016796875
2 0.48984375 0.3765625 0.0125 0.027734375