2 0.071875 0.17109375 0.0125 0.026953125
2 0.2875 0.48203125 0.01171875 0.0203125
2 0.421875 0.5828125 0.012109375 0.02734375
2 0.09375 0.50859375 0.0125 0.026171875
2 0.078125 0.29140625 0.015625 0.026953125
2 0.1375 0.46484375 0.012109375 0.020703125
2 0.4921875 0.78515625 0.01015625 0.026171875
2 0.2671875 0.68984375 0.012890625 0.023046875
2 0.31015625 0.7765625 0.013671875 0.021484375
2 0.528125 0.57265625 0.0125 0.0203125
2 0.70546875 0.91796875 0.010546875 0.023828125
2 0.68125 0.5765625 0.0125 0.02265625
2 0.79453125 0.621875 0.011328125 0.021875
2 0.7609375 0.79375 0.01015625 0.01796875