5 0.38984375 0.4703125 0.010546875 0.02265625
5 0.415625 0.1328125 0.0125 0.016015625
5 0.23125 0.3328125 0.01171875 0.02109375
5 0.840625 0.72265625 0.015625 0.019921875
5 0.3 0.075 0.01171875 0.01875
5 0.4140625 0.1828125 0.0125 0.016015625
5 0.66796875 0.80703125 0.0109375 0.016796875
5 0.23046875 0.6328125 0.0109375 0.022265625
5 0.1875 0.42890625 0.008984375 0.0234375
5 0.56171875 0.43671875 0.009375 0.017578125
5 0.3171875 0.83671875 0.01015625 0.0203125
5 0.72421875 0.4515625 0.0109375 0.018359375
5 0.509375 0.7 0.015234375 0.016015625