1 0.60703125 0.1328125 0.016796875 0.024609375
4 0.58203125 0.25078125 0.0171875 0.026953125
1 0.58046875 0.18515625 0.011328125 0.036328125
1 0.56953125 0.675 0.0125 0.034375
1 0.56640625 0.34609375 0.0109375 0.034375
4 0.6234375 0.21171875 0.016015625 0.026171875
1 0.61953125 0.6609375 0.011328125 0.037109375
1 0.5640625 0.60625 0.01484375 0.03125
1 0.415625 0.58046875 0.012890625 0.030078125
1 0.5640625 0.41484375 0.018359375 0.026171875
1 0.5015625 0.90703125 0.01484375 0.0484375
1 0.66796875 0.5828125 0.011328125 0.03359375