4 0.5453125 0.02578125 0.0203125 0.01875
1 0.446875 0.7828125 0.01953125 0.028125
4 0.48359375 0.37109375 0.01796875 0.0171875
4 0.51328125 0.4296875 0.01953125 0.01875
1 0.49296875 0.5953125 0.0203125 0.02109375
4 0.58671875 0.04765625 0.01796875 0.02109375
1 0.53046875 0.371875 0.015625 0.03203125
4 0.5171875 0.309375 0.0171875 0.01796875
1 0.353125 0.68125 0.0171875 0.03046875
1 0.50625 0.52890625 0.015625 0.0296875
1 0.38125 0.79765625 0.01015625 0.03984375
1 0.59921875 0.87109375 0.01015625 0.034375
4 0.396875 0.4328125 0.0171875 0.01875
1 0.4234375 0.85 0.00859375 0.03984375