1 0.621875 0.9859375 0.01953125 0.027734375
4 0.7671875 0.965625 0.0125 0.03671875
1 0.5796875 0.80625 0.01640625 0.033984375
1 0.5625 0.9203125 0.022265625 0.019140625
1 0.5546875 0.5296875 0.01875 0.018359375
4 0.81953125 0.80546875 0.013671875 0.033203125
1 0.68984375 0.75390625 0.0125 0.038671875
4 0.7875 0.740625 0.015625 0.03828125
1 0.7296875 0.7390625 0.01875 0.028125
1 0.53984375 0.83671875 0.0234375 0.025
4 0.859375 0.77578125 0.012890625 0.0328125
1 0.38515625 0.77578125 0.026171875 0.026171875
1 0.82265625 0.71875 0.023046875 0.02578125