3 0.79921875 0.28125 0.016796875 0.028125
3 0.634375 0.4078125 0.01796875 0.03125
3 0.6640625 0.55078125 0.018359375 0.023046875
3 0.75703125 0.16953125 0.017578125 0.026171875
3 0.95546875 0.09765625 0.015625 0.019921875
3 0.584375 0.290625 0.018359375 0.03125
4 0.509375 0.8578125 0.015234375 0.028125
4 0.40859375 0.928125 0.020703125 0.028515625
4 0.2015625 0.1484375 0.019140625 0.027734375
4 0.32109375 0.7984375 0.0203125 0.02734375
4 0.25 0.1046875 0.012890625 0.03984375
4 0.265625 0.55625 0.01328125 0.02421875