5 0.48125 0.9640625 0.01171875 0.01875
5 0.6390625 0.61796875 0.0125 0.019921875
5 0.09609375 0.978125 0.013671875 0.024609375
5 0.59375 0.9046875 0.008984375 0.025390625
5 0.4140625 0.709375 0.012109375 0.022265625
5 0.7078125 0.61171875 0.0125 0.025
5 0.54375 0.75703125 0.009765625 0.0203125
5 0.34609375 0.92265625 0.013671875 0.0234375
5 0.4703125 0.6484375 0.0125 0.02109375
5 0.51484375 0.653125 0.010546875 0.025390625
5 0.2453125 0.8828125 0.009765625 0.01875
5 0.2234375 0.9390625 0.01015625 0.02265625