3 0.05625 0.7 0.0125 0.021484375
3 0.128125 0.53125 0.0125 0.01796875
3 0.278125 0.53671875 0.01171875 0.019921875
3 0.43828125 0.62578125 0.0125 0.023046875
3 0.28515625 0.425 0.0125 0.024609375
3 0.43203125 0.37578125 0.0171875 0.03125
3 0.425 0.49609375 0.012890625 0.029296875
4 0.63125 0.73046875 0.0125 0.017578125
4 0.72421875 0.6953125 0.017578125 0.022265625
4 0.74765625 0.52421875 0.0140625 0.03125
4 0.71640625 0.3078125 0.0125 0.022265625
4 0.6484375 0.01015625 0.009765625 0.0203125
4 0.60859375 0.01484375 0.0140625 0.0296875