1 0.48203125 0.12109375 0.0234375 0.02890625
1 0.9578125 0.453125 0.0203125 0.03125
1 0.2984375 0.32734375 0.0203125 0.02109375
1 0.46328125 0.45546875 0.02109375 0.03359375
1 0.56875 0.5125 0.01875 0.03125
1 0.79375 0.675 0.01328125 0.0296875
1 0.88203125 0.665625 0.01328125 0.02890625
1 0.7140625 0.53046875 0.01328125 0.015625
1 0.56015625 0.33046875 0.01171875 0.03671875
1 0.39140625 0.44296875 0.0203125 0.028125
1 0.85078125 0.546875 0.009375 0.03828125
1 0.84765625 0.3953125 0.0140625 0.03515625
1 0.93671875 0.70703125 0.01484375 0.03203125