1 0.65625 0.58046875 0.025 0.0203125
1 0.521875 0.409375 0.024609375 0.024609375
4 0.48203125 0.32734375 0.020703125 0.026171875
4 0.28671875 0.04140625 0.020703125 0.028125
1 0.7125 0.39140625 0.024609375 0.025
4 0.48984375 0.2375 0.021875 0.02578125
1 0.77734375 0.88828125 0.028125 0.0421875
1 0.44765625 0.2875 0.023046875 0.024609375
1 0.721875 0.5265625 0.018359375 0.040625
1 0.55390625 0.4578125 0.020703125 0.021875
1 0.5453125 0.809375 0.015234375 0.040234375
4 0.23828125 0.00703125 0.0140625 0.0140625
4 0.17578125 0.0875 0.023046875 0.025
4 0.44375 0.2234375 0.019140625 0.028125
1 0.69765625 0.61953125 0.0171875 0.042578125