1 0.51796875 0.71484375 0.0125 0.0390625
1 0.453125 0.6921875 0.025390625 0.037890625
1 0.2609375 0.36328125 0.01484375 0.0421875
1 0.203125 0.17734375 0.024609375 0.033203125
1 0.63984375 0.9234375 0.020703125 0.037890625
1 0.3828125 0.48359375 0.009765625 0.041796875
1 0.32578125 0.34765625 0.011328125 0.039453125
1 0.33203125 0.475 0.013671875 0.021484375
1 0.53828125 0.85234375 0.011328125 0.021875
1 0.45625 0.61796875 0.009375 0.030078125
1 0.3484375 0.40390625 0.018359375 0.0375
1 0.2 0.2640625 0.012890625 0.034375