5 0.29609375 0.10703125 0.0109375 0.021875
5 0.7546875 0.46953125 0.01015625 0.02109375
5 0.2453125 0.39609375 0.0109375 0.01875
5 0.35546875 0.91171875 0.00859375 0.025
5 0.50234375 0.04375 0.0109375 0.0203125
5 0.65703125 0.33828125 0.0125 0.0203125
5 0.7265625 0.5953125 0.009375 0.0234375
5 0.10859375 0.09375 0.00859375 0.0234375
5 0.5875 0.15 0.01484375 0.02265625
5 0.40078125 0.3453125 0.00859375 0.025
5 0.43046875 0.62734375 0.01015625 0.0203125
5 0.2296875 0.67109375 0.01015625 0.02265625
5 0.1359375 0.0984375 0.009375 0.021875