5 0.0515625 0.63359375 0.0125 0.01875
5 0.403125 0.89609375 0.01015625 0.02109375
5 0.6578125 0.96015625 0.01171875 0.01640625
5 0.28046875 0.0375 0.015625 0.0265625
5 0.68984375 0.85625 0.0109375 0.021875
5 0.79765625 0.6515625 0.0109375 0.01796875
5 0.06328125 0.76640625 0.01171875 0.02421875
5 0.4515625 0.11796875 0.0125 0.01796875
5 0.56171875 0.65 0.01328125 0.01640625
5 0.69921875 0.5078125 0.01328125 0.01953125
5 0.29765625 0.88671875 0.01328125 0.01484375
5 0.51796875 0.3625 0.0078125 0.01640625
5 0.1828125 0.7890625 0.01015625 0.0265625
5 0.5375 0.96328125 0.01328125 0.02265625
5 0.40390625 0.54375 0.0109375 0.02578125
5 0.296875 0.33203125 0.009375 0.01953125
5 0.72421875 0.4859375 0.00859375 0.025