5 0.3484375 0.2546875 0.01015625 0.01875
5 0.2 0.9921875 0.01171875 0.015234375
5 0.43125 0.61953125 0.008984375 0.023828125
5 0.48515625 0.346875 0.0140625 0.01328125
5 0.64453125 0.95390625 0.008203125 0.025
5 0.29921875 0.79453125 0.011328125 0.015625
5 0.546875 0.36328125 0.0125 0.020703125
5 0.29140625 0.42578125 0.0140625 0.017578125
5 0.3109375 0.45546875 0.009375 0.0203125
5 0.43515625 0.9109375 0.011328125 0.025
5 0.61015625 0.7796875 0.0109375 0.01875
5 0.59296875 0.54453125 0.0140625 0.016796875