4 0.403125 0.2203125 0.019140625 0.02109375
4 0.41640625 0.66328125 0.0203125 0.025
4 0.43828125 0.25625 0.020703125 0.01875
4 0.528125 0.18359375 0.01953125 0.019921875
1 0.4078125 0.04609375 0.021875 0.026171875
1 0.4 0.11640625 0.015625 0.0375
4 0.4234375 0.32890625 0.018359375 0.0203125
1 0.39140625 0.28515625 0.0140625 0.039453125
4 0.3703125 0.615625 0.018359375 0.021875
4 0.34921875 0.7078125 0.01875 0.022265625
4 0.25546875 0.8625 0.019921875 0.018359375
4 0.27890625 0.72109375 0.01875 0.019921875