1 0.48125 0.67421875 0.021875 0.02421875
1 0.4 0.825 0.0203125 0.03125
1 0.4578125 0.7578125 0.021875 0.02109375
1 0.44375 0.64609375 0.01640625 0.03125
1 0.29609375 0.58203125 0.01875 0.028125
4 0.21015625 0.65234375 0.01484375 0.034375
4 0.23984375 0.5875 0.0140625 0.034375
1 0.33515625 0.59765625 0.01328125 0.0375
1 0.46484375 0.38125 0.02265625 0.0234375
4 0.26171875 0.8046875 0.0125 0.0359375
4 0.17109375 0.61953125 0.01328125 0.03046875
4 0.0046875 0.60078125 0.00859375 0.04453125
1 0.2046875 0.56640625 0.02109375 0.0296875
4 0.01796875 0.521875 0.0171875 0.0359375
1 0.63046875 0.6140625 0.02578125 0.03125