1 0.50625 0.71796875 0.03046875 0.026953125
1 0.3625 0.59375 0.022265625 0.027734375
1 0.31953125 0.60859375 0.019921875 0.030078125
1 0.3515625 0.50234375 0.021484375 0.020703125
1 0.1625 0.61484375 0.019140625 0.023046875
1 0.3015625 0.41484375 0.02109375 0.021875
1 0.30390625 0.8953125 0.01875 0.025390625
1 0.06796875 0.59609375 0.0234375 0.023046875
4 0.084375 0.51796875 0.015625 0.033203125
4 0.10625 0.58984375 0.016015625 0.0328125
1 0.203125 0.61640625 0.015625 0.033203125
4 0.0375 0.5484375 0.015234375 0.02890625
4 0.15390625 0.390625 0.014453125 0.033984375