1 0.50625 0.403125 0.02109375 0.01953125
1 0.26015625 0.2203125 0.01953125 0.025
1 0.52578125 0.3265625 0.01953125 0.021875
1 0.48828125 0.29921875 0.01484375 0.0296875
1 0.45078125 0.4671875 0.01796875 0.02734375
1 0.346875 0.2359375 0.01796875 0.02890625
4 0.29296875 0.2375 0.0125 0.0375
4 0.0796875 0.17890625 0.015625 0.0328125
1 0.67109375 0.265625 0.0265625 0.02890625
4 0.0625 0.25546875 0.01953125 0.03984375
4 0.0203125 0.02890625 0.01640625 0.03125
1 0.38515625 0.25 0.0140625 0.03984375
4 0.03515625 0.1453125 0.01640625 0.0328125
4 0.26328125 0.3 0.01015625 0.03046875
1 0.51015625 0.0359375 0.0203125 0.02578125
4 0.3125 0.44296875 0.0171875 0.034375
4 0.2265625 0.27421875 0.0140625 0.03828125