2 0.24296875 0.79296875 0.0140625 0.0203125
2 0.40703125 0.9578125 0.0125 0.01640625
2 0.046875 0.92265625 0.0140625 0.028125
2 0.5609375 0.83203125 0.0125 0.0140625
2 0.465625 0.77265625 0.01640625 0.01953125
2 0.51875 0.92109375 0.0171875 0.0171875
2 0.3421875 0.778125 0.01328125 0.0203125
2 0.5421875 0.74921875 0.01484375 0.01796875
2 0.13671875 0.81796875 0.01640625 0.02890625
2 0.20859375 0.99296875 0.02109375 0.01328125
2 0.3328125 0.96953125 0.015625 0.025
2 0.56328125 0.90703125 0.0171875 0.028125
2 0.02265625 0.85078125 0.02109375 0.034375