4 0.48515625 0.61953125 0.013671875 0.032421875
4 0.5578125 0.5875 0.01484375 0.033984375
4 0.56640625 0.4828125 0.013671875 0.034765625
4 0.60234375 0.4546875 0.013671875 0.031640625
4 0.59140625 0.3875 0.014453125 0.034765625
1 0.76796875 0.41953125 0.01875 0.025
4 0.73828125 0.37109375 0.013671875 0.026953125
4 0.77265625 0.346875 0.0140625 0.034765625
4 0.7984375 0.40234375 0.0125 0.035546875
1 0.84765625 0.40625 0.0203125 0.027734375
1 0.88046875 0.39375 0.0125 0.034765625
1 0.9421875 0.196875 0.018359375 0.028515625
1 0.990625 0.2546875 0.018359375 0.021484375
1 0.97578125 0.35234375 0.0171875 0.03125
1 0.9921875 0.59140625 0.01484375 0.023046875