5 0.6921875 0.48046875 0.0109375 0.021875
5 0.88359375 0.34140625 0.01015625 0.01875
5 0.70546875 0.7328125 0.01328125 0.01796875
5 0.9765625 0.22109375 0.01171875 0.01875
5 0.82265625 0.52890625 0.01171875 0.0171875
5 0.75546875 0.29609375 0.0125 0.0234375
5 0.5921875 0.44375 0.009375 0.01796875
5 0.60703125 0.934375 0.0140625 0.015625
5 0.809375 0.2453125 0.0125 0.01796875
5 0.453125 0.51875 0.009375 0.021875
5 0.5640625 0.58359375 0.0140625 0.0140625
5 0.85390625 0.24921875 0.009375 0.02109375
5 0.48828125 0.83984375 0.0109375 0.021875
5 0.571875 0.49140625 0.01015625 0.0171875
5 0.9265625 0.48046875 0.00859375 0.0234375