5 0.690625 0.96640625 0.01328125 0.01640625
5 0.6671875 0.1734375 0.01328125 0.015625
5 0.790625 0.625 0.01171875 0.025
5 0.8046875 0.88046875 0.0125 0.0234375
5 0.65078125 0.271875 0.00859375 0.02421875
5 0.75390625 0.153125 0.01015625 0.0171875
5 0.63984375 0.6984375 0.01171875 0.028125
5 0.5390625 0.78984375 0.01015625 0.02421875
5 0.69765625 0.125 0.01171875 0.021875
5 0.60703125 0.621875 0.01015625 0.025
5 0.8359375 0.1921875 0.01328125 0.02265625
5 0.784375 0.3484375 0.0109375 0.01953125
5 0.60078125 0.56484375 0.0109375 0.01484375
5 0.6828125 0.471875 0.009375 0.02421875