1 0.42265625 0.50390625 0.0171875 0.02890625
4 0.5078125 0.03046875 0.01953125 0.0171875
1 0.40859375 0.56796875 0.02109375 0.01796875
1 0.2671875 0.6484375 0.0171875 0.028125
4 0.4296875 0.4046875 0.01796875 0.01640625
4 0.4015625 0.34453125 0.01953125 0.01640625
4 0.4359375 0.2859375 0.0171875 0.01640625
1 0.29453125 0.7640625 0.0109375 0.03984375
4 0.46640625 0.0078125 0.01875 0.01484375
1 0.36015625 0.75234375 0.0203125 0.02890625
1 0.3359375 0.8171875 0.01015625 0.03828125
1 0.44765625 0.34765625 0.015625 0.03046875
1 0.51015625 0.8421875 0.01015625 0.03515625
4 0.31328125 0.403125 0.0171875 0.01796875