5 0.94296875 0.88671875 0.016796875 0.0234375
5 0.91953125 0.8484375 0.0140625 0.022265625
5 0.77421875 0.65078125 0.0125 0.023828125
5 0.7109375 0.975 0.015234375 0.022265625
5 0.6375 0.95625 0.015234375 0.024609375
5 0.58359375 0.73515625 0.015625 0.020703125
5 0.5671875 0.46484375 0.01484375 0.021875
5 0.5296875 0.27265625 0.009765625 0.029296875
5 0.7671875 0.315625 0.012890625 0.02578125
5 0.92578125 0.4484375 0.0140625 0.018359375
5 0.5359375 0.025 0.015234375 0.019140625
5 0.84375 0.028125 0.015625 0.01875