5 0.9484375 0.36640625 0.0125 0.01875
5 0.596875 0.10390625 0.009765625 0.020703125
5 0.3421875 0.03984375 0.012109375 0.016796875
5 0.71953125 0.9625 0.015625 0.02578125
5 0.31015625 0.14375 0.0109375 0.021875
5 0.20234375 0.3484375 0.0109375 0.018359375
5 0.93671875 0.23359375 0.011328125 0.023828125
5 0.5484375 0.88203125 0.0125 0.017578125
5 0.43828125 0.35 0.013671875 0.016015625
5 0.30078125 0.4921875 0.013671875 0.019140625
5 0.70234375 0.11328125 0.013671875 0.014453125
5 0.48203125 0.6375 0.0078125 0.016015625
5 0.8171875 0.2109375 0.009765625 0.02734375
5 0.4625 0.03671875 0.012890625 0.023046875
5 0.59609375 0.45625 0.0109375 0.025390625
5 0.703125 0.66796875 0.009375 0.019921875
5 0.27578125 0.5140625 0.008203125 0.025