2 0.38046875 0.85859375 0.0140625 0.026953125
2 0.365625 0.93203125 0.01328125 0.026171875
2 0.525 0.66171875 0.0125 0.020703125
2 0.41796875 0.6765625 0.0109375 0.021484375
2 0.63828125 0.19921875 0.017578125 0.030078125
2 0.4953125 0.378125 0.0125 0.028125
2 0.4515625 0.56328125 0.015625 0.0265625
2 0.47109375 0.840625 0.0140625 0.02578125
2 0.44375 0.96171875 0.015625 0.0234375
2 0.4 0.95859375 0.01171875 0.0234375
2 0.5625 0.51875 0.009765625 0.01875
2 0.60234375 0.36484375 0.013671875 0.0265625
2 0.60078125 0.19375 0.0125 0.024609375
2 0.5484375 0.1328125 0.012890625 0.024609375
2 0.66953125 0.146875 0.013671875 0.02421875
2 0.68828125 0.028125 0.009375 0.022265625