1 0.3203125 0.596875 0.01328125 0.03984375
1 0.1328125 0.62109375 0.01484375 0.04453125
1 0.08359375 0.57578125 0.0140625 0.04609375
1 0.153125 0.54375 0.02265625 0.03359375
4 0.1609375 0.11328125 0.021875 0.021875
1 0.16640625 0.91953125 0.02109375 0.05546875
4 0.17734375 0.053125 0.02578125 0.01875
4 0.1953125 0.15390625 0.021875 0.02265625
1 0.18984375 0.33515625 0.02421875 0.02734375
1 0.046875 0.4625 0.0171875 0.0375
4 0.06328125 0.1890625 0.02734375 0.02421875
1 0.21015625 0.08359375 0.0140625 0.0375
1 0.19765625 0.259375 0.0203125 0.0375