5 0.865625 0.8140625 0.008984375 0.015625
5 0.7078125 0.43125 0.012109375 0.015625
5 0.74453125 0.84609375 0.011328125 0.021875
5 0.91015625 0.68671875 0.009375 0.0203125
5 0.8109375 0.63515625 0.01015625 0.0140625
5 0.9515625 0.93671875 0.01015625 0.0171875
5 0.83671875 0.8984375 0.0078125 0.021875
5 0.68984375 0.66796875 0.010546875 0.019921875
5 0.5703125 0.5578125 0.012890625 0.015625
5 0.61796875 0.234375 0.0125 0.015234375
5 0.50546875 0.31640625 0.015625 0.020703125
5 0.7953125 0.89765625 0.01015625 0.0171875
5 0.4640625 0.609375 0.009375 0.022265625
5 0.57578125 0.64609375 0.0109375 0.01875
5 0.59375 0.69296875 0.008984375 0.017578125