1 0.090625 0.3109375 0.019140625 0.022265625
1 0.1953125 0.0765625 0.02109375 0.025
1 0.24140625 0.04140625 0.017578125 0.025
1 0.35859375 0.475 0.0125 0.0375
4 0.50234375 0.81171875 0.014453125 0.0328125
1 0.29609375 0.35546875 0.0109375 0.0328125
1 0.2125 0.140625 0.009375 0.0375
1 0.309375 0.05859375 0.009375 0.035546875
4 0.48359375 0.740625 0.0125 0.03125
4 0.521875 0.69296875 0.0125 0.035546875
1 0.271875 0.3 0.012890625 0.03671875
4 0.33828125 0.41875 0.013671875 0.03125
4 0.45625 0.91953125 0.012890625 0.0328125
4 0.38515625 0.41015625 0.0125 0.033203125
4 0.396875 0.490625 0.012109375 0.03046875