1 0.80390625 0.95859375 0.026171875 0.025
1 0.3546875 0.75859375 0.022265625 0.019921875
1 0.03515625 0.62109375 0.026171875 0.023046875
1 0.62578125 0.825 0.026953125 0.03828125
1 0.09453125 0.8484375 0.020703125 0.02890625
1 0.70390625 0.83984375 0.0203125 0.030078125
1 0.50859375 0.76796875 0.021875 0.039453125
1 0.5203125 0.965625 0.0125 0.041015625
1 0.20625 0.74609375 0.0125 0.042578125
1 0.2109375 0.90546875 0.01484375 0.0390625
1 0.1734375 0.6203125 0.019140625 0.037109375
1 0.11328125 0.578125 0.016796875 0.03125
1 0.2640625 0.60546875 0.01484375 0.0328125