5 0.590625 0.58203125 0.012109375 0.0140625
5 0.68359375 0.86015625 0.008203125 0.021875
5 0.7546875 0.17890625 0.012890625 0.01875
5 0.80546875 0.93984375 0.010546875 0.017578125
5 0.61171875 0.43515625 0.013671875 0.0234375
5 0.62578125 0.14453125 0.0140625 0.015625
5 0.7140625 0.953125 0.0125 0.012890625
5 0.7515625 0.990625 0.009375 0.01875
5 0.809375 0.72578125 0.01171875 0.0203125
5 0.88359375 0.86328125 0.0125 0.021875
5 0.68828125 0.64375 0.0078125 0.02421875
5 0.7765625 0.44296875 0.01015625 0.025
5 0.496875 0.38359375 0.008984375 0.023828125
5 0.5890625 0.52109375 0.008984375 0.023828125