1 0.6171875 0.83671875 0.01953125 0.02421875
1 0.6234375 0.7671875 0.01484375 0.034375
1 0.4859375 0.96171875 0.0140625 0.034375
4 0.58671875 0.628125 0.01875 0.01875
4 0.609375 0.228125 0.01875 0.02265625
4 0.4984375 0.70234375 0.01640625 0.01953125
1 0.6328125 0.6015625 0.01484375 0.0359375
4 0.67578125 0.18046875 0.01875 0.02421875
4 0.59921875 0.5546875 0.01796875 0.02109375
4 0.6546875 0.27265625 0.0171875 0.02421875
4 0.62109375 0.66484375 0.01875 0.01875
4 0.74453125 0.16953125 0.01796875 0.02109375
4 0.76796875 0.03046875 0.0171875 0.01796875