3 0.0390625 0.5875 0.0140625 0.02265625
3 0.14921875 0.69609375 0.0140625 0.02265625
3 0.303125 0.5484375 0.01484375 0.02578125
3 0.33984375 0.65859375 0.01484375 0.0265625
3 0.5078125 0.5734375 0.015625 0.03359375
3 0.4640625 0.45390625 0.015625 0.028125
3 0.440625 0.31484375 0.01484375 0.028125
4 0.6015625 0.040625 0.01328125 0.0234375
4 0.78515625 0.12421875 0.01953125 0.0296875
4 0.82890625 0.365625 0.01640625 0.0203125
4 0.825 0.8 0.01328125 0.03984375
4 0.87421875 0.7671875 0.01484375 0.0296875