1 0.73515625 0.846875 0.021875 0.01875
1 0.03046875 0.92265625 0.023828125 0.028125
1 0.33046875 0.87421875 0.013671875 0.041796875
1 0.0421875 0.846875 0.015234375 0.03828125
1 0.93046875 0.859375 0.029296875 0.019140625
1 0.89921875 0.92734375 0.019921875 0.029296875
1 0.7203125 0.91875 0.01015625 0.02578125
1 0.77421875 0.83515625 0.01875 0.026953125
1 0.4921875 0.86953125 0.016015625 0.028125
1 0.16328125 0.9421875 0.023828125 0.021484375
1 0.1671875 0.85859375 0.0125 0.025
1 0.54765625 0.9296875 0.015625 0.047265625
1 0.68046875 0.86328125 0.017578125 0.034375
1 0.81640625 0.92421875 0.0171875 0.035546875
1 0.57421875 0.8734375 0.013671875 0.02734375
1 0.428125 0.93984375 0.012890625 0.0171875