3 0.45078125 0.34453125 0.0171875 0.03046875
3 0.31015625 0.27421875 0.0140625 0.0234375
4 0.61796875 0.74296875 0.01484375 0.0296875
3 0.44921875 0.2265625 0.01328125 0.02421875
3 0.1703125 0.15625 0.0140625 0.0171875
4 0.6546875 0.04375 0.0140625 0.015625
3 0.46875 0.11015625 0.01328125 0.021875
4 0.6625 0.75859375 0.0125 0.02890625
4 0.7421875 0.08671875 0.01796875 0.01875
3 0.31171875 0.17109375 0.0125 0.021875
4 0.734375 0.4453125 0.0109375 0.01875
4 0.76484375 0.24296875 0.0140625 0.028125