2 0.309375 0.709375 0.018359375 0.027734375
2 0.553125 0.40703125 0.015234375 0.029296875
2 0.48671875 0.57421875 0.013671875 0.0296875
2 0.6546875 0.146875 0.01484375 0.025390625
2 0.678125 0.08125 0.015625 0.02421875
2 0.23046875 0.8765625 0.010546875 0.024609375
2 0.5640625 0.11640625 0.01484375 0.023046875
2 0.353125 0.72578125 0.0125 0.0234375
2 0.6046875 0.0109375 0.01484375 0.021484375
2 0.3703125 0.546875 0.012890625 0.03046875
2 0.18046875 0.965625 0.014453125 0.02578125
2 0.4859375 0.27109375 0.015234375 0.028125
2 0.5984375 0.30703125 0.012109375 0.021875
2 0.26796875 0.753125 0.014453125 0.027734375
2 0.33125 0.9375 0.012109375 0.021875
2 0.40390625 0.80546875 0.011328125 0.0265625
2 0.646875 0.03671875 0.0125 0.025
2 0.43046875 0.40078125 0.010546875 0.023828125
2 0.38125 0.940625 0.015625 0.01796875