1 0.17890625 0.23046875 0.0265625 0.02109375
1 0.33515625 0.36875 0.0234375 0.02109375
1 0.36484375 0.6421875 0.025 0.02890625
1 0.9609375 0.84375 0.03125 0.03984375
1 0.83515625 0.73125 0.02578125 0.03515625
1 0.4828125 0.75546875 0.0171875 0.040625
1 0.121875 0.71171875 0.01640625 0.021875
1 0.6640625 0.653125 0.02109375 0.0203125
1 0.42578125 0.3546875 0.02109375 0.03203125
1 0.4859375 0.42578125 0.01875 0.03046875
1 0.5015625 0.5734375 0.01015625 0.04609375
1 0.58203125 0.44765625 0.0140625 0.03515625
1 0.190625 0.0625 0.02265625 0.02578125
1 0.825 0.9609375 0.0140625 0.046875