5 0.82734375 0.36171875 0.0109375 0.019921875
5 0.8734375 0.16484375 0.01015625 0.01875
5 0.7328125 0.5953125 0.015625 0.021875
5 0.5328125 0.7515625 0.012890625 0.024609375
5 0.9265625 0.28984375 0.008984375 0.023828125
5 0.79453125 0.090625 0.011328125 0.01875
5 0.653125 0.8140625 0.012890625 0.016015625
5 0.9546875 0.02265625 0.0125 0.0171875
5 0.8375 0.08359375 0.009375 0.0234375
5 0.46953125 0.45390625 0.009375 0.023828125
5 0.5828125 0.4875 0.015234375 0.018359375
5 0.5828125 0.3953125 0.009375 0.021875
5 0.5984375 0.3421875 0.01015625 0.019140625
5 0.7 0.3515625 0.012109375 0.022265625
5 0.7453125 0.15390625 0.012890625 0.025