1 0.096875 0.4546875 0.019140625 0.028515625
1 0.0453125 0.51484375 0.022265625 0.0203125
4 0.27265625 0.6109375 0.0109375 0.034375
1 0.19453125 0.67109375 0.019921875 0.023828125
1 0.02578125 0.590625 0.0234375 0.021484375
1 0.16015625 0.66015625 0.014453125 0.03125
4 0.31015625 0.6375 0.0125 0.028515625
1 0.04296875 0.86484375 0.020703125 0.023046875
4 0.49609375 0.8640625 0.011328125 0.02734375
4 0.24453125 0.66953125 0.0140625 0.032421875
1 0.278125 0.6890625 0.018359375 0.02734375
4 0.2265625 0.47734375 0.01015625 0.030078125
4 0.459375 0.653125 0.012109375 0.03203125
1 0.06171875 0.6171875 0.0171875 0.03125
4 0.4875 0.7515625 0.012109375 0.03125
4 0.44921875 0.721875 0.0140625 0.033984375