1 0.51796875 0.5578125 0.0171875 0.033984375
1 0.61015625 0.7140625 0.013671875 0.040625
1 0.55859375 0.6703125 0.011328125 0.04375
4 0.66484375 0.24453125 0.019921875 0.023046875
4 0.628125 0.2078125 0.019140625 0.021484375
1 0.6671875 0.353125 0.015234375 0.03203125
1 0.62890625 0.63671875 0.0203125 0.033203125
1 0.678125 0.1765625 0.01328125 0.034765625
1 0.79609375 0.68515625 0.011328125 0.040625
4 0.64296875 0.12734375 0.01875 0.0203125
4 0.53125 0.2875 0.01796875 0.02421875
1 0.6578125 0.42734375 0.024609375 0.01875