2 0.31796875 0.47109375 0.0171875 0.020703125
2 0.471875 0.49609375 0.015625 0.019921875
2 0.16640625 0.621875 0.017578125 0.021875
2 0.5015625 0.04140625 0.01484375 0.026953125
2 0.04765625 0.8578125 0.0140625 0.02265625
2 0.6296875 0.575 0.01875 0.01953125
2 0.66796875 0.0640625 0.0125 0.015625
2 0.6890625 0.2390625 0.0125 0.016015625
2 0.26171875 0.79453125 0.014453125 0.021875
2 0.03671875 0.9609375 0.01875 0.021484375
2 0.3375 0.78515625 0.015234375 0.021875
2 0.38984375 0.28671875 0.013671875 0.0234375