1 0.5921875 0.1640625 0.02421875 0.03515625
1 0.9765625 0.82578125 0.02578125 0.02734375
1 0.49921875 0.47265625 0.02734375 0.0265625
1 0.3734375 0.2328125 0.0203125 0.0296875
1 0.721875 0.71875 0.01640625 0.02265625
1 0.7703125 0.9171875 0.0171875 0.03125
1 0.5890625 0.6 0.0234375 0.02578125
1 0.853125 0.97109375 0.02109375 0.02421875
1 0.88515625 0.68984375 0.0171875 0.0296875
1 0.434375 0.40703125 0.01875 0.03984375
1 0.8515625 0.8359375 0.01171875 0.03984375
1 0.62109375 0.41796875 0.01328125 0.03671875