5 0.24765625 0.06875 0.01875 0.01640625
5 0.21328125 0.16328125 0.0125 0.01953125
5 0.31015625 0.38125 0.01328125 0.0203125
5 0.1390625 0.4140625 0.01484375 0.0171875
5 0.3078125 0.853125 0.01015625 0.02890625
5 0.16328125 0.353125 0.0171875 0.02109375
5 0.1234375 0.91171875 0.01171875 0.025
5 0.13359375 0.52421875 0.01328125 0.02578125
5 0.21875 0.36875 0.01484375 0.01640625
5 0.2734375 0.56484375 0.01171875 0.0234375
5 0.18125 0.73203125 0.0109375 0.028125
5 0.11328125 0.853125 0.0140625 0.0140625
5 0.16015625 0.984375 0.0109375 0.03125