2 0.53671875 0.40078125 0.01875 0.0328125
2 0.71640625 0.33984375 0.0125 0.029296875
2 0.3875 0.596875 0.012890625 0.025390625
2 0.2421875 0.44609375 0.01015625 0.0234375
2 0.43125 0.41015625 0.012890625 0.023828125
2 0.5234375 0.471875 0.012109375 0.022265625
2 0.05390625 0.63828125 0.0140625 0.028125
2 0.3328125 0.425 0.01015625 0.019140625
2 0.575 0.36171875 0.012890625 0.0203125
2 0.27265625 0.6109375 0.0125 0.02734375
2 0.05703125 0.490625 0.014453125 0.022265625
2 0.53515625 0.5859375 0.014453125 0.02265625
2 0.63046875 0.54296875 0.010546875 0.017578125
2 0.20234375 0.6296875 0.0140625 0.021484375
2 0.12890625 0.48359375 0.016796875 0.021875
2 0.04765625 0.56953125 0.013671875 0.017578125
2 0.6078125 0.61953125 0.009765625 0.021875
2 0.09765625 0.63515625 0.0203125 0.020703125
2 0.65078125 0.36640625 0.011328125 0.0234375