5 0.58046875 0.55546875 0.0140625 0.02421875
5 0.79296875 0.496875 0.01015625 0.0265625
5 0.60078125 0.93046875 0.01640625 0.015625
5 0.653125 0.84296875 0.01328125 0.015625
5 0.77109375 0.6109375 0.0140625 0.01640625
5 0.67578125 0.6140625 0.0125 0.02109375
5 0.65703125 0.06015625 0.01015625 0.02421875
5 0.7359375 0.66328125 0.01640625 0.03046875
5 0.64765625 0.378125 0.01015625 0.021875
5 0.76953125 0.25234375 0.01015625 0.02734375
5 0.859375 0.1640625 0.01328125 0.01640625
5 0.85625 0.09765625 0.009375 0.02421875