1 0.49375 0.596875 0.021484375 0.019140625
1 0.73984375 0.7796875 0.019921875 0.025
1 0.47421875 0.6734375 0.019921875 0.021875
1 0.51171875 0.70078125 0.014453125 0.0296875
1 0.54921875 0.5328125 0.017578125 0.027734375
1 0.653125 0.7640625 0.018359375 0.028515625
4 0.70703125 0.7625 0.0125 0.0375
4 0.9203125 0.82109375 0.015625 0.0328125
1 0.32890625 0.734375 0.0265625 0.028515625
4 0.9375 0.74453125 0.019140625 0.039453125
4 0.9796875 0.97109375 0.016015625 0.03125
1 0.61484375 0.75 0.0140625 0.040234375
4 0.96484375 0.8546875 0.016796875 0.03359375
4 0.73671875 0.7 0.010546875 0.030859375
1 0.48984375 0.9640625 0.0203125 0.025390625
4 0.6875 0.55703125 0.01796875 0.034375
4 0.7734375 0.72578125 0.01484375 0.038671875