1 0.378125 0.0140625 0.01953125 0.027734375
4 0.2328125 0.034375 0.0125 0.03671875
1 0.4203125 0.19375 0.01640625 0.033984375
1 0.4375 0.0796875 0.022265625 0.019140625
1 0.4453125 0.4703125 0.01875 0.018359375
4 0.18046875 0.19453125 0.013671875 0.033203125
1 0.31015625 0.24609375 0.0125 0.038671875
4 0.2125 0.259375 0.015625 0.03828125
1 0.2703125 0.2609375 0.01875 0.028125
1 0.46015625 0.16328125 0.0234375 0.025
4 0.140625 0.22421875 0.012890625 0.0328125
1 0.61484375 0.22421875 0.026171875 0.026171875
1 0.17734375 0.28125 0.023046875 0.02578125