1 0.47890625 0.64765625 0.021875 0.026171875
1 0.71640625 0.5421875 0.0234375 0.016015625
1 0.7578125 0.53515625 0.02265625 0.026171875
1 0.159375 0.825 0.01328125 0.022265625
1 0.0109375 0.834375 0.021875 0.034765625
1 0.0328125 0.90390625 0.01640625 0.0328125
1 0.52109375 0.553125 0.0171875 0.04453125
1 0.32109375 0.7265625 0.0140625 0.040234375
1 0.66015625 0.553125 0.0234375 0.03046875
1 0.78359375 0.42734375 0.0203125 0.030078125
1 0.8625 0.3796875 0.021484375 0.019140625
1 0.90390625 0.43046875 0.026171875 0.025
1 0.55625 0.5984375 0.012890625 0.028125
1 0.69296875 0.48125 0.008203125 0.021875
1 0.14453125 0.740625 0.021875 0.025
1 0.40390625 0.60625 0.013671875 0.018359375