5 0.7421875 0.47890625 0.01328125 0.01796875
5 0.48046875 0.2078125 0.0125 0.01875
5 0.4046875 0.53359375 0.009375 0.01328125
5 0.3953125 0.940625 0.0109375 0.01484375
5 0.46796875 0.165625 0.01328125 0.01171875
5 0.734375 0.26875 0.01015625 0.0203125
5 0.71171875 0.91015625 0.0078125 0.02265625
5 0.26640625 0.665625 0.00859375 0.0203125
5 0.565625 0.44765625 0.0078125 0.02265625
5 0.71171875 0.71875 0.01015625 0.01875
5 0.221875 0.990625 0.0125 0.01875
5 0.5578125 0.03359375 0.00859375 0.015625
5 0.67578125 0.2140625 0.01015625 0.0171875
5 0.51328125 0.7328125 0.01484375 0.0234375