5 0.1375 0.09609375 0.015234375 0.019921875
5 0.32109375 0.9171875 0.013671875 0.018359375
5 0.15859375 0.4046875 0.016796875 0.022265625
5 0.32578125 0.36640625 0.0140625 0.025
5 0.390625 0.6484375 0.012109375 0.022265625
5 0.28125 0.8265625 0.009765625 0.02890625
5 0.2765625 0.09609375 0.012890625 0.01875
5 0.03984375 0.384375 0.0109375 0.025
5 0.48203125 0.77109375 0.0109375 0.021875
5 0.14921875 0.5015625 0.008203125 0.02265625
5 0.40703125 0.87578125 0.0109375 0.020703125
5 0.2578125 0.60234375 0.012890625 0.0234375
5 0.3625 0.94375 0.012109375 0.025
5 0.15859375 0.56328125 0.011328125 0.017578125