5 0.665625 0.690625 0.01328125 0.016015625
5 0.81953125 0.39609375 0.0109375 0.01875
5 0.840625 0.76484375 0.015625 0.0234375
5 0.41796875 0.7375 0.0125 0.01953125
5 0.54609375 0.3875 0.013671875 0.021484375
5 0.93359375 0.384375 0.015625 0.016015625
5 0.51640625 0.50234375 0.0125 0.023828125
5 0.96953125 0.96328125 0.010546875 0.028125
5 0.7296875 0.9828125 0.009375 0.01875
5 0.5296875 0.86953125 0.01484375 0.023046875
5 0.50546875 0.89453125 0.011328125 0.0265625
5 0.671875 0.35546875 0.012109375 0.026171875