1 0.31015625 0.32890625 0.0234375 0.0203125
1 0.48984375 0.7453125 0.023828125 0.028515625
1 0.459375 0.47265625 0.024609375 0.019921875
1 0.60625 0.86953125 0.01875 0.038671875
1 0.24765625 0.80546875 0.0140625 0.020703125
1 0.9546875 0.86640625 0.025390625 0.0328125
1 0.54921875 0.46484375 0.023828125 0.03125
1 0.78671875 0.77578125 0.0203125 0.0234375
1 0.6078125 0.5375 0.022265625 0.034375
1 0.625 0.690625 0.012109375 0.046484375
1 0.3265625 0.16171875 0.019140625 0.026953125
1 0.71015625 0.5703125 0.01875 0.037890625