5 0.84140625 0.309375 0.01171875 0.021875
5 0.70703125 0.2359375 0.01171875 0.0203125
5 0.81796875 0.0046875 0.0171875 0.009375
5 0.67578125 0.28359375 0.0125 0.0140625
5 0.78984375 0.46484375 0.00859375 0.01796875
5 0.76171875 0.26875 0.0109375 0.01640625
5 0.79140625 0.734375 0.01171875 0.025
5 0.8015625 0.98125 0.0125 0.0234375
5 0.5453125 0.890625 0.01015625 0.0234375
5 0.64453125 0.80390625 0.01171875 0.02734375
5 0.61328125 0.72734375 0.00859375 0.0234375
5 0.6078125 0.67265625 0.01171875 0.0171875
5 0.68828125 0.5828125 0.01015625 0.0265625
5 0.659375 0.3828125 0.009375 0.025
5 0.77734375 0.078125 0.0109375 0.01953125