1 0.48203125 0.12109375 0.0234375 0.029296875
1 0.9578125 0.453125 0.02109375 0.03125
1 0.2984375 0.32734375 0.02109375 0.020703125
1 0.46328125 0.45546875 0.020703125 0.033203125
1 0.56875 0.5125 0.01875 0.03125
1 0.79375 0.675 0.012890625 0.03046875
1 0.88203125 0.665625 0.013671875 0.028515625
1 0.7140625 0.53046875 0.012890625 0.015625
1 0.56015625 0.33046875 0.011328125 0.036328125
1 0.39140625 0.44296875 0.0203125 0.028125
1 0.85078125 0.546875 0.009375 0.037890625
1 0.84765625 0.3953125 0.0140625 0.034765625
1 0.93671875 0.70703125 0.014453125 0.032421875