1 0.86640625 0.98828125 0.020703125 0.023046875
1 0.9265625 0.928125 0.02265625 0.01796875
1 0.94296875 0.5375 0.0234375 0.02421875
1 0.67109375 0.70859375 0.01875 0.029296875
1 0.9109375 0.8109375 0.016015625 0.03515625
4 0.671875 0.7953125 0.015234375 0.034375
1 0.94921875 0.84609375 0.0234375 0.01875
1 0.7640625 0.734375 0.019140625 0.02578125
4 0.80234375 0.75234375 0.011328125 0.036328125
4 0.69921875 0.7390625 0.013671875 0.033984375
4 0.721875 0.95546875 0.012890625 0.035546875
4 0.42890625 0.48828125 0.014453125 0.033203125
4 0.484375 0.653125 0.015234375 0.03828125
4 0.459375 0.72890625 0.012890625 0.038671875
4 0.43671875 0.6109375 0.0140625 0.03515625
4 0.634375 0.7625 0.012109375 0.031640625
4 0.346875 0.440625 0.012890625 0.033984375