1 0.5828125 0.71015625 0.022265625 0.020703125
4 0.4578125 0.078125 0.021484375 0.027734375
4 0.5234375 0.12109375 0.02265625 0.0203125
1 0.6296875 0.89453125 0.022265625 0.03125
4 0.38203125 0.090625 0.020703125 0.025
4 0.5890625 0.48046875 0.025 0.021875
1 0.56796875 0.64296875 0.019921875 0.033203125
1 0.5421875 0.484375 0.01875 0.037890625
4 0.55859375 0.5421875 0.0203125 0.021484375
1 0.69609375 0.90546875 0.016796875 0.04375
1 0.653125 0.95625 0.01171875 0.040234375
4 0.48125 0.1546875 0.021484375 0.021875
1 0.72421875 0.7921875 0.01875 0.034375
1 0.4796875 0.98125 0.012109375 0.037109375
4 0.5625 0.4203125 0.01953125 0.021484375