1 0.79375 0.4015625 0.0203125 0.01796875
1 0.77734375 0.29765625 0.01796875 0.0296875
1 0.73984375 0.4625 0.01875 0.02890625
1 0.8140625 0.32421875 0.02109375 0.0203125
1 0.63828125 0.23828125 0.01875 0.025
1 0.95625 0.26328125 0.028125 0.028125
4 0.3796875 0.1828125 0.0140625 0.0296875
1 0.79609375 0.0421875 0.01953125 0.02109375
4 0.55703125 0.30234375 0.01328125 0.028125
1 0.55390625 0.22421875 0.0203125 0.025
4 0.5859375 0.24375 0.0125 0.03203125
4 0.36796875 0.25390625 0.0125 0.03203125
4 0.51953125 0.27421875 0.0109375 0.02265625
1 0.67421875 0.25078125 0.0125 0.034375
4 0.3359375 0.15234375 0.01328125 0.02890625