5 0.9484375 0.02265625 0.016015625 0.0234375
5 0.77734375 0.91953125 0.0140625 0.021875
5 0.75546875 0.84765625 0.0140625 0.020703125
5 0.91796875 0.7359375 0.008203125 0.024609375
5 0.77109375 0.38828125 0.0140625 0.017578125
5 0.75234375 0.1109375 0.0140625 0.028515625
5 0.84296875 0.92421875 0.0125 0.019921875
5 0.78828125 0.33203125 0.011328125 0.03125
5 0.93515625 0.93671875 0.014453125 0.026171875
5 0.83828125 0.53984375 0.011328125 0.026953125
5 0.83984375 0.27265625 0.011328125 0.0328125
5 0.75859375 0.73046875 0.011328125 0.03125
5 0.98125 0.4484375 0.01171875 0.031640625