1 0.45703125 0.83046875 0.0125 0.042578125
1 0.409375 0.78515625 0.0125 0.04375
1 0.3703125 0.66875 0.01484375 0.0375
1 0.51953125 0.48515625 0.0171875 0.0328125
1 0.63828125 0.81640625 0.0125 0.038671875
4 0.51796875 0.38203125 0.023046875 0.017578125
1 0.475 0.75625 0.01953125 0.03203125
4 0.48671875 0.33515625 0.01875 0.0203125
1 0.534375 0.31328125 0.015234375 0.038671875
4 0.49765625 0.26796875 0.01875 0.0203125
1 0.5109375 0.55546875 0.02265625 0.029296875
4 0.39140625 0.40703125 0.023046875 0.023828125