1 0.975 0.3890625 0.021875 0.01875
1 0.9203125 0.1671875 0.021875 0.03359375
1 0.24453125 0.0390625 0.0234375 0.025
1 0.67109375 0.2453125 0.01875 0.01875
1 0.41328125 0.1703125 0.02265625 0.0359375
1 0.5140625 0.04296875 0.009375 0.03984375
1 0.84140625 0.384375 0.01640625 0.03203125
1 0.809375 0.109375 0.0140625 0.03671875
1 0.89921875 0.42734375 0.0171875 0.034375
1 0.75546875 0.3921875 0.01171875 0.03671875
1 0.8125 0.26484375 0.0109375 0.0421875
1 0.33828125 0.15546875 0.021875 0.03515625
1 0.52421875 0.228125 0.01875 0.03515625