4 0.8546875 0.7484375 0.01328125 0.034375
4 0.87265625 0.97109375 0.01484375 0.0359375
1 0.95234375 0.7671875 0.0171875 0.03984375
1 0.82265625 0.71875 0.01953125 0.0296875
4 0.82265625 0.809375 0.01484375 0.03203125
1 0.9140625 0.7484375 0.02109375 0.03125
4 0.5796875 0.4953125 0.01484375 0.04140625
4 0.784375 0.771875 0.01171875 0.03203125
4 0.6046875 0.7390625 0.01484375 0.03828125
4 0.63515625 0.65859375 0.015625 0.03828125
4 0.4984375 0.440625 0.01484375 0.0375
4 0.584375 0.61484375 0.0171875 0.04296875