2 0.32265625 0.87265625 0.0140625 0.0296875
2 0.4578125 0.85 0.0140625 0.025
2 0.5078125 0.69375 0.0109375 0.025
2 0.38359375 0.43359375 0.0125 0.02578125
2 0.46953125 0.5921875 0.01171875 0.02578125
2 0.85546875 0.95078125 0.01328125 0.02265625
2 0.6109375 0.80625 0.0140625 0.02734375
2 0.328125 0.6234375 0.01328125 0.02109375
2 0.58515625 0.8828125 0.0125 0.0265625
2 0.9953125 0.58359375 0.00859375 0.0234375
2 0.7921875 0.9046875 0.01171875 0.02265625
2 0.3921875 0.66015625 0.01171875 0.01484375
2 0.75078125 0.696875 0.01171875 0.021875
2 0.9015625 0.6828125 0.01484375 0.02265625