0 0.740625 0.7984375 0.02265625 0.04609375
0 0.9453125 0.92578125 0.02890625 0.03203125
0 0.34609375 0.77890625 0.01015625 0.02421875
0 0.63828125 0.21015625 0.02890625 0.01953125
0 0.6109375 0.43828125 0.02421875 0.04375
0 0.86015625 0.5859375 0.03046875 0.02890625
0 0.371875 0.47109375 0.01796875 0.0265625
0 0.325 0.9296875 0.01953125 0.02109375
0 0.45078125 0.30546875 0.01328125 0.0390625
0 0.55234375 0.97890625 0.0109375 0.0421875
0 0.79296875 0.4265625 0.01015625 0.015625
0 0.9921875 0.72265625 0.015625 0.0359375