2 0.14609375 0.77734375 0.020703125 0.03125
2 0.38671875 0.39375 0.0140625 0.030859375
2 0.3734375 0.08515625 0.012890625 0.028125
2 0.471875 0.096875 0.01328125 0.027734375
2 0.10625 0.8328125 0.01796875 0.028515625
2 0.4921875 0.0234375 0.015234375 0.021484375
2 0.303125 0.2671875 0.015234375 0.022265625
2 0.3265625 0.59140625 0.0125 0.030078125
2 0.19296875 0.7828125 0.013671875 0.02734375
2 0.25546875 0.85390625 0.013671875 0.026953125
2 0.42578125 0.278125 0.0125 0.025
2 0.253125 0.41796875 0.012109375 0.0265625
2 0.2 0.5890625 0.012890625 0.031640625
2 0.075 0.9703125 0.009765625 0.025