4 0.5796875 0.24765625 0.01640625 0.023828125
1 0.5703125 0.66171875 0.012890625 0.0328125
1 0.56484375 0.4109375 0.017578125 0.028515625
1 0.58046875 0.1875 0.0140625 0.037890625
1 0.61796875 0.64609375 0.011328125 0.032421875
1 0.565625 0.34296875 0.01171875 0.033203125
1 0.4203125 0.5703125 0.01484375 0.030859375
1 0.5640625 0.59375 0.01484375 0.030859375
4 0.6234375 0.21015625 0.015625 0.020703125
1 0.6671875 0.571875 0.009765625 0.031640625
4 0.60625 0.13515625 0.015234375 0.019921875
1 0.50546875 0.88828125 0.0125 0.0453125