1 0.35546875 0.75703125 0.0203125 0.01953125
1 0.2046875 0.59921875 0.0171875 0.02578125
1 0.5140625 0.61796875 0.02578125 0.02734375
1 0.121875 0.5828125 0.0171875 0.02421875
1 0.30234375 0.81875 0.01796875 0.0265625
1 0.37578125 0.67890625 0.02109375 0.0203125
1 0.36015625 0.40546875 0.01953125 0.02421875
1 0.33984375 0.6546875 0.01796875 0.03125
1 0.24140625 0.61171875 0.01328125 0.03515625
4 0.12578125 0.6609375 0.01328125 0.02890625
4 0.09140625 0.63671875 0.0125 0.02890625
4 0.153125 0.60234375 0.0125 0.03046875
4 0.17109375 0.79609375 0.01015625 0.028125