2 0.46328125 0.40078125 0.01875 0.0328125
2 0.28359375 0.33984375 0.0125 0.02890625
2 0.6125 0.596875 0.01328125 0.02578125
2 0.7578125 0.44609375 0.0109375 0.0234375
2 0.56875 0.41015625 0.01328125 0.02421875
2 0.4765625 0.471875 0.01171875 0.02265625
2 0.94609375 0.63828125 0.0140625 0.028125
2 0.6671875 0.425 0.0109375 0.01953125
2 0.425 0.36171875 0.01328125 0.0203125
2 0.72734375 0.6109375 0.0125 0.0265625
2 0.94296875 0.490625 0.01484375 0.02265625
2 0.46484375 0.5859375 0.01484375 0.0234375
2 0.36953125 0.54296875 0.01015625 0.01796875
2 0.79765625 0.6296875 0.0140625 0.02109375
2 0.87109375 0.48359375 0.01640625 0.021875
2 0.95234375 0.56953125 0.01328125 0.01796875
2 0.3921875 0.61953125 0.01015625 0.021875
2 0.90234375 0.63515625 0.0203125 0.02109375
2 0.34921875 0.36640625 0.01171875 0.0234375