1 0.93671875 0.43046875 0.019921875 0.025
1 0.85625 0.44453125 0.018359375 0.0234375
1 0.97109375 0.41875 0.0140625 0.034375
4 0.65625 0.50703125 0.012890625 0.032421875
4 0.6828125 0.4140625 0.012890625 0.03515625
4 0.69296875 0.478125 0.0140625 0.03125
4 0.64765625 0.61328125 0.0125 0.03125
4 0.88671875 0.42578125 0.013671875 0.032421875
4 0.86015625 0.371875 0.013671875 0.028515625
4 0.9046875 0.24296875 0.015234375 0.035546875
4 0.57421875 0.646875 0.0125 0.03203125
4 0.8265625 0.3953125 0.012890625 0.031640625