2 0.65546875 0.69140625 0.01484375 0.025
2 0.55625 0.40234375 0.01484375 0.0375
2 0.7609375 0.784375 0.0140625 0.025
2 0.99375 0.82265625 0.01171875 0.02421875
2 0.65234375 0.48359375 0.0125 0.0234375
2 0.82578125 0.64921875 0.01171875 0.02421875
2 0.92421875 0.9328125 0.0140625 0.028125
2 0.82265625 0.8515625 0.01328125 0.0265625
2 0.52734375 0.33671875 0.01328125 0.025
2 0.74140625 0.56640625 0.0109375 0.02265625
2 0.51328125 0.57578125 0.01171875 0.02109375
2 0.39921875 0.21875 0.0140625 0.03125
2 0.98515625 0.90234375 0.0125 0.021875
2 0.4546875 0.28984375 0.01015625 0.01953125
2 0.96484375 0.96484375 0.01484375 0.034375
2 0.55234375 0.4734375 0.01171875 0.01875
2 0.92578125 0.7671875 0.01484375 0.028125
2 0.43984375 0.5578125 0.01015625 0.02734375