1 0.50859375 0.053125 0.013671875 0.04375
1 0.55625 0.01640625 0.012890625 0.0328125
1 0.46953125 0.16015625 0.014453125 0.03125
1 0.60859375 0.35625 0.015625 0.034375
4 0.5703125 0.49375 0.019140625 0.01875
1 0.7328125 0.03671875 0.01015625 0.033203125
4 0.48125 0.4234375 0.016015625 0.018359375
1 0.60078125 0.284375 0.020703125 0.022265625
1 0.61796875 0.52421875 0.0140625 0.0359375
1 0.5734375 0.08515625 0.01640625 0.035546875
4 0.6390625 0.86015625 0.018359375 0.0203125
4 0.59375 0.9015625 0.019140625 0.024609375
4 0.60625 0.45859375 0.016015625 0.019921875
4 0.5859375 0.55546875 0.018359375 0.0140625
4 0.6609375 0.94765625 0.01875 0.020703125
4 0.73203125 0.96171875 0.01875 0.0234375