4 0.50390625 0.17265625 0.0171875 0.0203125
1 0.54296875 0.21875 0.015625 0.03671875
4 0.4921875 0.2375 0.01953125 0.0203125
4 0.528125 0.2859375 0.01875 0.0203125
1 0.528125 0.39140625 0.01484375 0.034375
1 0.5171875 0.465625 0.02265625 0.02734375
4 0.39609375 0.3140625 0.01953125 0.021875
1 0.37421875 0.58125 0.0109375 0.0359375
1 0.4140625 0.69921875 0.01015625 0.04609375
1 0.4625 0.74296875 0.01328125 0.04296875
1 0.4828125 0.66953125 0.01953125 0.0296875
1 0.64765625 0.7296875 0.01015625 0.0375