1 0.49375 0.71796875 0.0296875 0.02734375
1 0.6375 0.59375 0.02265625 0.02734375
1 0.68046875 0.60859375 0.01953125 0.03046875
1 0.6484375 0.50234375 0.02109375 0.02109375
1 0.8375 0.61484375 0.01953125 0.02265625
1 0.6984375 0.41484375 0.0203125 0.021875
1 0.69609375 0.8953125 0.01875 0.02578125
1 0.93203125 0.59609375 0.0234375 0.02265625
4 0.915625 0.51796875 0.015625 0.03359375
4 0.89375 0.58984375 0.01640625 0.0328125
1 0.796875 0.61640625 0.015625 0.03359375
4 0.9625 0.5484375 0.01484375 0.0296875
4 0.84609375 0.390625 0.01484375 0.03359375