5 0.72109375 0.53515625 0.0140625 0.017578125
5 0.56640625 0.86796875 0.0109375 0.015625
5 0.1921875 0.88203125 0.012109375 0.021875
5 0.30703125 0.94765625 0.015625 0.0171875
5 0.315625 0.84375 0.01171875 0.021484375
5 0.62578125 0.66875 0.009375 0.021484375
5 0.7859375 0.53046875 0.015625 0.0265625
5 0.67578125 0.8109375 0.0078125 0.02265625
5 0.59609375 0.57109375 0.0078125 0.025
5 0.55234375 0.56640625 0.011328125 0.019921875
5 0.49921875 0.62265625 0.011328125 0.020703125
5 0.43515625 0.828125 0.0125 0.02421875
5 0.3359375 0.7921875 0.009375 0.019140625