1 0.20625 0.5984375 0.01953125 0.018359375
1 0.22265625 0.70234375 0.017578125 0.0296875
1 0.26015625 0.5375 0.01875 0.028515625
1 0.1859375 0.67578125 0.021484375 0.0203125
1 0.36171875 0.76171875 0.01875 0.025
1 0.04375 0.73671875 0.028125 0.028125
4 0.6203125 0.8171875 0.01484375 0.02890625
1 0.20390625 0.9578125 0.019921875 0.021484375
4 0.44296875 0.69765625 0.013671875 0.028125
1 0.44609375 0.77578125 0.0203125 0.025
4 0.4140625 0.75625 0.0125 0.031640625
4 0.63203125 0.74609375 0.0125 0.032421875
4 0.48046875 0.72578125 0.0109375 0.023046875
1 0.32578125 0.74921875 0.0125 0.034375
4 0.6640625 0.84765625 0.012890625 0.029296875