1 0.60703125 0.8671875 0.01640625 0.02421875
4 0.58203125 0.74921875 0.0171875 0.02734375
1 0.58046875 0.81484375 0.01171875 0.03671875
1 0.56953125 0.325 0.0125 0.034375
1 0.56640625 0.65390625 0.0109375 0.034375
4 0.6234375 0.78828125 0.01640625 0.02578125
1 0.61953125 0.3390625 0.01171875 0.03671875
1 0.5640625 0.39375 0.0140625 0.03125
1 0.415625 0.41953125 0.01328125 0.03046875
1 0.5640625 0.58515625 0.01796875 0.02578125
1 0.5015625 0.09296875 0.0140625 0.0484375
1 0.66796875 0.4171875 0.01171875 0.0328125