5 0.16015625 0.7453125 0.011328125 0.028125
5 0.11796875 0.2796875 0.0140625 0.02109375
5 0.16875 0.45078125 0.009375 0.019921875
5 0.20546875 0.240625 0.0109375 0.01796875
5 0.19453125 0.0359375 0.0109375 0.015234375
5 0.26640625 0.2109375 0.011328125 0.021484375
5 0.3171875 0.83046875 0.0125 0.023828125
5 0.29921875 0.2640625 0.0140625 0.01484375
5 0.3546875 0.75078125 0.009375 0.0234375
5 0.36171875 0.68984375 0.011328125 0.0140625
5 0.3140625 0.371875 0.008984375 0.02421875
5 0.27578125 0.58671875 0.010546875 0.026171875
5 0.425 0.9328125 0.01171875 0.025