2 0.39765625 0.19609375 0.01171875 0.028125
2 0.55859375 0.4375 0.01171875 0.02109375
2 0.55859375 0.3609375 0.01640625 0.03203125
2 0.75390625 0.50703125 0.0109375 0.02109375
2 0.66796875 0.63984375 0.01484375 0.025
2 0.840625 0.78203125 0.0140625 0.02265625
2 0.5265625 0.3015625 0.01484375 0.02578125
2 0.659375 0.43203125 0.015625 0.0234375
2 0.98515625 0.8796875 0.0125 0.02890625
2 0.94140625 0.68359375 0.01484375 0.02578125
2 0.7765625 0.72265625 0.01484375 0.0265625
2 0.4546875 0.26328125 0.0109375 0.0171875
2 0.94375 0.85 0.0171875 0.02734375
2 0.525 0.5421875 0.0125 0.0234375
2 0.83828125 0.5796875 0.0109375 0.02578125
2 0.4421875 0.44453125 0.009375 0.01875
2 0.45 0.53046875 0.01171875 0.02578125