0 0.39453125 0.10703125 0.026171875 0.020703125
0 0.63359375 0.315625 0.019921875 0.018359375
0 0.22265625 0.4296875 0.028125 0.02734375
0 0.3390625 0.475 0.027734375 0.03046875
0 0.22578125 0.64453125 0.026171875 0.026953125
0 0.15625 0.69921875 0.021875 0.040625
0 0.0390625 0.50546875 0.015625 0.045703125
0 0.38125 0.25859375 0.01328125 0.048828125
0 0.9203125 0.01171875 0.01875 0.020703125
0 0.06484375 0.6421875 0.0078125 0.01875
0 0.2921875 0.56640625 0.008984375 0.029296875
0 0.071875 0.57734375 0.009765625 0.036328125
0 0.6625 0.0890625 0.01328125 0.021875