2 0.71328125 0.465625 0.0125 0.02109375
2 0.51015625 0.3765625 0.01640625 0.03359375
2 0.640625 0.61875 0.015625 0.0234375
2 0.3375 0.259375 0.01015625 0.02890625
2 0.49453125 0.56171875 0.0125 0.0234375
2 0.971875 0.7640625 0.01328125 0.028125
2 0.61484375 0.41875 0.015625 0.02265625
2 0.75625 0.66796875 0.0125 0.0265625
2 0.8234375 0.71171875 0.01171875 0.0203125
2 0.5171875 0.4515625 0.0125 0.021875
2 0.984375 0.615625 0.0140625 0.0265625
2 0.92890625 0.7484375 0.0171875 0.025
2 0.47421875 0.3265625 0.01328125 0.021875
2 0.41875 0.571875 0.01015625 0.0203125
2 0.80234375 0.51171875 0.01015625 0.0234375
2 0.40390625 0.48984375 0.0109375 0.01953125
2 0.4 0.30625 0.01171875 0.0203125
2 0.98515625 0.6984375 0.01328125 0.02109375
2 0.9125 0.5859375 0.01640625 0.025