3 0.7625 0.6890625 0.01328125 0.024609375
3 0.6234375 0.69453125 0.01484375 0.0234375
3 0.39921875 0.5390625 0.017578125 0.03515625
3 0.59140625 0.45625 0.0109375 0.021484375
3 0.8171875 0.3453125 0.01484375 0.02734375
3 0.74296875 0.275 0.013671875 0.022265625
4 0.7671875 0.4453125 0.018359375 0.024609375
3 0.45390625 0.75 0.014453125 0.02578125
4 0.375 0.84609375 0.0125 0.0296875
4 0.28515625 0.96171875 0.0109375 0.035546875
4 0.18828125 0.8421875 0.010546875 0.024609375
4 0.225 0.87109375 0.01796875 0.01875
4 0.1015625 0.96953125 0.015234375 0.030078125