4 0.56484375 0.59765625 0.0171875 0.019921875
1 0.5703125 0.80859375 0.018359375 0.0296875
4 0.56328125 0.71171875 0.020703125 0.01875
4 0.59140625 0.64921875 0.019921875 0.01875
4 0.528125 0.30390625 0.01953125 0.025
1 0.5453125 0.65078125 0.01640625 0.0328125
4 0.390625 0.2734375 0.01953125 0.02109375
4 0.46484375 0.26328125 0.023046875 0.023046875
4 0.4859375 0.33671875 0.02265625 0.023828125
1 0.58515625 0.87421875 0.021875 0.0203125
4 0.6828125 0.70859375 0.015625 0.015625
1 0.7234375 0.9546875 0.015234375 0.02890625
4 0.353125 0.11796875 0.022265625 0.023828125