5 0.11875 0.6359375 0.01328125 0.01875
5 0.76796875 0.53125 0.014453125 0.019140625
5 0.63359375 0.80390625 0.0125 0.014453125
5 0.14453125 0.509375 0.0109375 0.024609375
5 0.87421875 0.884375 0.011328125 0.018359375
5 0.790625 0.64609375 0.01171875 0.0234375
5 0.26875 0.52890625 0.00703125 0.020703125
5 0.503125 0.50234375 0.009375 0.0203125
5 0.7578125 0.99140625 0.015625 0.0171875
5 0.3953125 0.47421875 0.01484375 0.014453125
5 0.64609375 0.48359375 0.010546875 0.023828125
5 0.46171875 0.8484375 0.0125 0.02109375