5 0.80859375 0.7078125 0.011328125 0.021875
5 0.72109375 0.74765625 0.0125 0.015625
5 0.7328125 0.9515625 0.0125 0.016015625
5 0.6296875 0.721875 0.012109375 0.016015625
5 0.60859375 0.15625 0.011328125 0.025390625
5 0.565625 0.29765625 0.01171875 0.0109375
5 0.7578125 0.5359375 0.009375 0.018359375
5 0.7671875 0.240625 0.01015625 0.024609375
5 0.503125 0.05546875 0.008984375 0.0234375
5 0.66171875 0.77578125 0.011328125 0.01875
5 0.6140625 0.6140625 0.00859375 0.025
5 0.65078125 0.4 0.0078125 0.022265625
5 0.57265625 0.2359375 0.009375 0.02265625