0 0.24453125 0.64609375 0.0265625 0.03125
0 0.44609375 0.90703125 0.025 0.0171875
0 0.35234375 0.565625 0.02578125 0.03359375
0 0.65703125 0.628125 0.01953125 0.0171875
0 0.9640625 0.84296875 0.01953125 0.02890625
0 0.225 0.4390625 0.02734375 0.02109375
0 0.05625 0.63203125 0.01328125 0.05078125
0 0.0671875 0.490625 0.0125 0.01796875
0 0.70703125 0.83984375 0.01328125 0.01796875
0 0.415625 0.76171875 0.01171875 0.0515625
0 0.08046875 0.55078125 0.00859375 0.03984375
0 0.1515625 0.403125 0.01953125 0.0453125
0 0.29765625 0.49140625 0.009375 0.03046875