2 0.41015625 0.41328125 0.013671875 0.03125
2 0.46953125 0.5953125 0.0140625 0.028515625
2 0.2359375 0.24921875 0.01875 0.03125
2 0.28046875 0.23828125 0.014453125 0.025
2 0.559375 0.87421875 0.0125 0.028125
2 0.3953125 0.721875 0.012890625 0.022265625
2 0.578125 0.940625 0.015234375 0.02421875
2 0.465625 0.8890625 0.01328125 0.02265625
2 0.19609375 0.19921875 0.014453125 0.028125
2 0.33828125 0.1609375 0.0109375 0.025
2 0.54765625 0.98359375 0.011328125 0.025
2 0.5109375 0.70234375 0.0125 0.021875
2 0.16484375 0.06875 0.010546875 0.025390625
2 0.2890625 0.42421875 0.012890625 0.028125
2 0.34453125 0.58125 0.011328125 0.024609375
2 0.3203125 0.0265625 0.01640625 0.021484375
2 0.26796875 0.02265625 0.013671875 0.023828125