2 0.75703125 0.20703125 0.0140625 0.0203125
2 0.59296875 0.0421875 0.0125 0.016015625
2 0.953125 0.07734375 0.01328125 0.028125
2 0.4390625 0.16796875 0.0125 0.0140625
2 0.534375 0.22734375 0.016015625 0.019921875
2 0.48125 0.07890625 0.01796875 0.0171875
2 0.6578125 0.221875 0.012890625 0.01953125
2 0.4578125 0.25078125 0.015234375 0.017578125
2 0.86328125 0.18203125 0.016796875 0.029296875
2 0.79140625 0.00703125 0.020703125 0.013671875
2 0.6671875 0.03046875 0.015625 0.025
2 0.43671875 0.09296875 0.0171875 0.028125
2 0.97734375 0.14921875 0.020703125 0.034375