1 0.8203125 0.228125 0.024609375 0.01953125
1 0.98828125 0.1640625 0.0234375 0.047265625
1 0.2734375 0.08515625 0.02265625 0.0234375
1 0.5609375 0.45 0.021875 0.037890625
1 0.46875 0.240625 0.021875 0.028515625
1 0.30546875 0.240625 0.023046875 0.028515625
1 0.70546875 0.115625 0.0140625 0.03828125
1 0.54296875 0.159375 0.016796875 0.041015625
1 0.61171875 0.17265625 0.016796875 0.039453125
1 0.37578125 0.68359375 0.0171875 0.016796875
1 0.6890625 0.45546875 0.015625 0.041796875
1 0.6609375 0.28828125 0.016015625 0.0421875