0 0.24453125 0.35390625 0.0265625 0.03125
0 0.44609375 0.09296875 0.025 0.0171875
0 0.35234375 0.434375 0.026171875 0.033984375
0 0.65703125 0.371875 0.019921875 0.01796875
0 0.9640625 0.15703125 0.019140625 0.029296875
0 0.225 0.5609375 0.027734375 0.021484375
0 0.05625 0.36796875 0.012890625 0.051171875
0 0.0671875 0.509375 0.0125 0.018359375
0 0.70703125 0.16015625 0.013671875 0.017578125
0 0.415625 0.23828125 0.012109375 0.0515625
0 0.08046875 0.44921875 0.008203125 0.039453125
0 0.1515625 0.596875 0.019140625 0.04453125
0 0.29765625 0.50859375 0.009375 0.030078125