1 0.93671875 0.56953125 0.01953125 0.025
1 0.85625 0.55546875 0.01796875 0.0234375
1 0.97109375 0.58125 0.0140625 0.034375
4 0.65625 0.49296875 0.01328125 0.03203125
4 0.6828125 0.5859375 0.01328125 0.0359375
4 0.69296875 0.521875 0.0140625 0.03125
4 0.64765625 0.38671875 0.0125 0.03125
4 0.88671875 0.57421875 0.01328125 0.03203125
4 0.86015625 0.628125 0.01328125 0.02890625
4 0.9046875 0.75703125 0.01484375 0.03515625
4 0.57421875 0.353125 0.0125 0.0328125
4 0.8265625 0.6046875 0.01328125 0.03203125