2 0.31953125 0.32265625 0.015625 0.02890625
2 0.359375 0.43125 0.0125 0.02734375
2 0.60703125 0.44140625 0.01171875 0.021875
2 0.16328125 0.59921875 0.01328125 0.028125
2 0.884375 0.5640625 0.01171875 0.02421875
2 0.23359375 0.15546875 0.0125 0.02578125
2 0.23984375 0.38984375 0.01328125 0.0203125
2 0.7640625 0.4328125 0.01171875 0.028125
2 0.46328125 0.54453125 0.0125 0.0234375
2 0.86015625 0.3328125 0.01328125 0.0265625
2 0.30390625 0.584375 0.0140625 0.025
2 0.43515625 0.61953125 0.01328125 0.02578125
2 0.17421875 0.34765625 0.01328125 0.02265625
2 0.64765625 0.65234375 0.01328125 0.01875
2 0.7109375 0.70078125 0.0140625 0.02265625