1 0.5828125 0.28984375 0.02265625 0.02109375
4 0.4578125 0.921875 0.02109375 0.02734375
4 0.5234375 0.87890625 0.0234375 0.0203125
1 0.6296875 0.10546875 0.02265625 0.03125
4 0.38203125 0.909375 0.02109375 0.025
4 0.5890625 0.51953125 0.025 0.021875
1 0.56796875 0.35703125 0.01953125 0.03359375
1 0.5421875 0.515625 0.01875 0.03828125
4 0.55859375 0.4578125 0.0203125 0.02109375
1 0.69609375 0.09453125 0.01640625 0.04375
1 0.653125 0.04375 0.0109375 0.03984375
4 0.48125 0.8453125 0.02109375 0.021875
1 0.72421875 0.2078125 0.01875 0.034375
1 0.4796875 0.01875 0.01171875 0.03671875
4 0.5625 0.5796875 0.0203125 0.02109375