5 0.2 0.84296875 0.015234375 0.013671875
5 0.22890625 0.36953125 0.0109375 0.019921875
5 0.25859375 0.57421875 0.0109375 0.019921875
5 0.3484375 0.5609375 0.01484375 0.01640625
5 0.2421875 0.76640625 0.01015625 0.016796875
5 0.22734375 0.08515625 0.011328125 0.0265625
5 0.17578125 0.52890625 0.0125 0.0234375
5 0.31484375 0.60859375 0.011328125 0.021875
5 0.36484375 0.46015625 0.010546875 0.028125
5 0.334375 0.24921875 0.01171875 0.028125
5 0.41875 0.1625 0.012109375 0.016015625
5 0.41484375 0.1015625 0.009375 0.025390625
5 0.38203125 0.02109375 0.0125 0.030078125