4 0.590625 0.709375 0.025 0.02109375
1 0.6296875 0.2828125 0.01796875 0.0265625
1 0.56875 0.5390625 0.01796875 0.03046875
1 0.54140625 0.703125 0.01875 0.0390625
1 0.728125 0.38671875 0.01796875 0.03046875
4 0.559375 0.6421875 0.02578125 0.02265625
1 0.65703125 0.21640625 0.01171875 0.040625
4 0.5640625 0.778125 0.021875 0.01953125
1 0.47734375 0.1921875 0.0109375 0.0421875
1 0.5828125 0.4703125 0.0234375 0.02265625
1 0.69921875 0.2703125 0.0125 0.04140625
4 0.684375 0.64609375 0.01953125 0.02265625