3 0.73046875 0.7671875 0.0140625 0.025390625
3 0.61171875 0.6296875 0.015625 0.025390625
3 0.8703125 0.53828125 0.01484375 0.0203125
4 0.80390625 0.56953125 0.0140625 0.025
3 0.4453125 0.5 0.016015625 0.025
3 0.83203125 0.41484375 0.0125 0.01875
3 0.659375 0.40546875 0.012109375 0.021875
4 0.33828125 0.4953125 0.0125 0.03359375
4 0.20625 0.49609375 0.015625 0.034375
4 0.18828125 0.3515625 0.0171875 0.024609375
3 0.47109375 0.27109375 0.020703125 0.034375
4 0.16328125 0.29140625 0.0125 0.0234375
4 0.0265625 0.29609375 0.01015625 0.0328125