2 0.6578125 0.60703125 0.0140625 0.0265625
2 0.509375 0.3859375 0.0125 0.02734375
2 0.49609375 0.65078125 0.01484375 0.0265625
2 0.353125 0.66953125 0.0140625 0.028125
2 0.36171875 0.41484375 0.01328125 0.0234375
2 0.91484375 0.76171875 0.0125 0.02421875
2 0.80390625 0.49765625 0.01171875 0.02109375
2 0.63046875 0.6859375 0.0140625 0.025
2 0.96328125 0.48046875 0.01484375 0.02890625
2 0.84765625 0.7125 0.0125 0.021875
2 0.41875 0.2140625 0.01484375 0.02890625
2 0.54921875 0.49140625 0.0125 0.02578125
2 0.428125 0.45546875 0.0140625 0.015625