1 0.4171875 0.28984375 0.022265625 0.020703125
4 0.5421875 0.921875 0.021484375 0.027734375
4 0.4765625 0.87890625 0.02265625 0.0203125
1 0.3703125 0.10546875 0.022265625 0.03125
4 0.61796875 0.909375 0.020703125 0.025
4 0.4109375 0.51953125 0.025 0.021875
1 0.43203125 0.35703125 0.019921875 0.033203125
1 0.4578125 0.515625 0.01875 0.037890625
4 0.44140625 0.4578125 0.0203125 0.021484375
1 0.30390625 0.09453125 0.016796875 0.04375
1 0.346875 0.04375 0.01171875 0.040234375
4 0.51875 0.8453125 0.021484375 0.021875
1 0.27578125 0.2078125 0.01875 0.034375
1 0.5203125 0.01875 0.012109375 0.037109375
4 0.4375 0.5796875 0.01953125 0.021484375