5 0.68203125 0.17109375 0.013671875 0.017578125
5 0.3171875 0.73046875 0.012109375 0.014453125
5 0.6515625 0.5875 0.009375 0.025
5 0.64765625 0.3734375 0.014453125 0.015625
5 0.44296875 0.90234375 0.0078125 0.0234375
5 0.603125 0.9796875 0.016015625 0.012890625
5 0.2390625 0.23046875 0.01015625 0.023046875
5 0.61875 0.753125 0.0125 0.015234375
5 0.2203125 0.5375 0.00859375 0.021484375
5 0.3828125 0.37421875 0.009765625 0.016796875
5 0.62109375 0.10234375 0.010546875 0.0234375
5 0.44921875 0.61953125 0.0109375 0.026953125