4 0.53359375 0.18828125 0.0140625 0.035546875
1 0.2578125 0.1484375 0.024609375 0.02265625
1 0.3421875 0.00859375 0.01875 0.0171875
1 0.28046875 0.0625 0.023046875 0.025
1 0.29453125 0.17890625 0.019921875 0.032421875
4 0.50546875 0.24921875 0.013671875 0.034375
4 0.72421875 0.32890625 0.016796875 0.042578125
1 0.4421875 0.2546875 0.02109375 0.03125
1 0.40390625 0.2390625 0.0140625 0.034375
1 0.265625 0.4546875 0.022265625 0.02265625
1 0.10078125 0.2 0.032421875 0.03203125
4 0.48515625 0.028125 0.0109375 0.0375
4 0.78046875 0.4921875 0.014453125 0.03125
4 0.57109375 0.221875 0.015625 0.03203125
4 0.75 0.24765625 0.015625 0.038671875
4 0.77578125 0.36640625 0.0171875 0.0359375
4 0.865625 0.53671875 0.016015625 0.033203125
1 0.53515625 0.2765625 0.020703125 0.03359375