1 0.39296875 0.8671875 0.016796875 0.024609375
4 0.41796875 0.74921875 0.0171875 0.026953125
1 0.41953125 0.81484375 0.011328125 0.036328125
1 0.43046875 0.325 0.0125 0.034375
1 0.43359375 0.65390625 0.0109375 0.034375
4 0.3765625 0.78828125 0.016015625 0.026171875
1 0.38046875 0.3390625 0.011328125 0.037109375
1 0.4359375 0.39375 0.01484375 0.03125
1 0.584375 0.41953125 0.012890625 0.030078125
1 0.4359375 0.58515625 0.018359375 0.026171875
1 0.4984375 0.09296875 0.01484375 0.0484375
1 0.33203125 0.4171875 0.011328125 0.03359375