0 0.60546875 0.89296875 0.026171875 0.020703125
0 0.36640625 0.684375 0.019921875 0.018359375
0 0.77734375 0.5703125 0.028125 0.02734375
0 0.6609375 0.525 0.027734375 0.03046875
0 0.77421875 0.35546875 0.026171875 0.026953125
0 0.84375 0.30078125 0.021875 0.040625
0 0.9609375 0.49453125 0.015625 0.045703125
0 0.61875 0.74140625 0.01328125 0.048828125
0 0.0796875 0.98828125 0.01875 0.020703125
0 0.93515625 0.3578125 0.0078125 0.01875
0 0.7078125 0.43359375 0.008984375 0.029296875
0 0.928125 0.42265625 0.009765625 0.036328125
0 0.3375 0.9109375 0.01328125 0.021875