5 0.68203125 0.82890625 0.01328125 0.01796875
5 0.3171875 0.26953125 0.01171875 0.01484375
5 0.6515625 0.4125 0.009375 0.025
5 0.64765625 0.6265625 0.01484375 0.015625
5 0.44296875 0.09765625 0.0078125 0.0234375
5 0.603125 0.0203125 0.01640625 0.01328125
5 0.2390625 0.76953125 0.0109375 0.02265625
5 0.61875 0.246875 0.0125 0.01484375
5 0.2203125 0.4625 0.0078125 0.02109375
5 0.3828125 0.62578125 0.01015625 0.01640625
5 0.62109375 0.89765625 0.01015625 0.0234375
5 0.44921875 0.38046875 0.0109375 0.02734375