2 0.3421875 0.60703125 0.01484375 0.0265625
2 0.490625 0.3859375 0.0125 0.027734375
2 0.50390625 0.65078125 0.014453125 0.0265625
2 0.646875 0.66953125 0.01328125 0.028125
2 0.63828125 0.41484375 0.013671875 0.0234375
2 0.08515625 0.76171875 0.0125 0.023828125
2 0.19609375 0.49765625 0.011328125 0.020703125
2 0.36953125 0.6859375 0.0140625 0.025
2 0.03671875 0.48046875 0.014453125 0.029296875
2 0.15234375 0.7125 0.0125 0.021875
2 0.58125 0.2140625 0.015234375 0.028515625
2 0.45078125 0.49140625 0.0125 0.026171875
2 0.571875 0.45546875 0.01328125 0.015625