5 0.2578125 0.52109375 0.012890625 0.017578125
5 0.51953125 0.7921875 0.0125 0.01875
5 0.5953125 0.46640625 0.009375 0.013671875
5 0.6046875 0.059375 0.01015625 0.015234375
5 0.53203125 0.834375 0.013671875 0.012109375
5 0.265625 0.73125 0.009765625 0.01953125
5 0.28828125 0.08984375 0.0078125 0.023046875
5 0.73359375 0.334375 0.008203125 0.01953125
5 0.434375 0.55234375 0.00703125 0.023046875
5 0.28828125 0.28125 0.010546875 0.01875
5 0.778125 0.009375 0.0125 0.01875
5 0.4421875 0.96640625 0.008984375 0.015625
5 0.32421875 0.7859375 0.010546875 0.01640625
5 0.48671875 0.2671875 0.014453125 0.02265625