5 0.2328125 0.91640625 0.0140625 0.0234375
5 0.81484375 0.196875 0.0125 0.0234375
5 0.465625 0.78203125 0.01484375 0.02109375
5 0.5828125 0.55078125 0.0140625 0.01640625
5 0.1953125 0.57265625 0.01328125 0.02734375
5 0.3140625 0.634375 0.01953125 0.01796875
5 0.74609375 0.20546875 0.01328125 0.01875
5 0.51484375 0.3046875 0.0140625 0.0234375
5 0.4484375 0.509375 0.01328125 0.02421875
5 0.3234375 0.53125 0.0125 0.02421875
5 0.34453125 0.478125 0.01328125 0.0234375
5 0.6984375 0.490625 0.01015625 0.02734375
5 0.6484375 0.34375 0.01015625 0.01953125
5 0.61796875 0.24609375 0.01171875 0.02578125
5 0.57109375 0.24609375 0.01328125 0.0234375