3 0.26953125 0.7671875 0.0140625 0.02578125
3 0.38828125 0.6296875 0.015625 0.02578125
3 0.1296875 0.53828125 0.0140625 0.0203125
4 0.19609375 0.56953125 0.0140625 0.025
3 0.5546875 0.5 0.01640625 0.025
3 0.16796875 0.41484375 0.0125 0.01875
3 0.340625 0.40546875 0.01171875 0.021875
4 0.66171875 0.4953125 0.0125 0.0328125
4 0.79375 0.49609375 0.015625 0.034375
4 0.81171875 0.3515625 0.0171875 0.02421875
3 0.52890625 0.27109375 0.02109375 0.034375
4 0.83671875 0.29140625 0.0125 0.0234375
4 0.9734375 0.29609375 0.0109375 0.0328125