2 0.309375 0.1359375 0.01328125 0.015234375
2 0.915625 0.1515625 0.01875 0.019140625
2 0.840625 0.0515625 0.015625 0.024609375
2 0.328125 0.2203125 0.01796875 0.024609375
2 0.35390625 0.046875 0.020703125 0.01875
2 0.6375 0.18203125 0.012890625 0.0203125
2 0.4078125 0.20078125 0.015625 0.01875
2 0.46796875 0.009375 0.0171875 0.012890625
2 0.53515625 0.196875 0.016796875 0.025390625
2 0.865625 0.12578125 0.021875 0.034375
2 0.74765625 0.15859375 0.017578125 0.032421875
2 0.546875 0.009375 0.0125 0.01875
2 0.30703125 0.05859375 0.017578125 0.03125