1 0.54453125 0.58828125 0.0171875 0.0265625
1 0.54296875 0.4015625 0.0140625 0.03359375
1 0.6453125 0.42265625 0.009765625 0.032421875
1 0.54765625 0.65703125 0.011328125 0.034375
4 0.5625 0.7484375 0.016015625 0.025
1 0.56171875 0.8125 0.0109375 0.034765625
1 0.59765625 0.346875 0.011328125 0.034765625
4 0.58671875 0.86484375 0.014453125 0.0234375
4 0.60234375 0.7859375 0.016796875 0.024609375
1 0.48203125 0.10234375 0.0125 0.04375
1 0.3984375 0.42734375 0.0125 0.030078125
1 0.54921875 0.33203125 0.013671875 0.033203125