5 0.515625 0.33828125 0.008984375 0.023046875
5 0.87890625 0.90859375 0.015625 0.015625
5 0.87421875 0.51640625 0.013671875 0.0140625
5 0.85859375 0.875 0.011328125 0.025390625
5 0.671875 0.9859375 0.012109375 0.016015625
5 0.56015625 0.76875 0.014453125 0.01328125
5 0.734375 0.3875 0.012109375 0.025
5 0.734375 0.6953125 0.00703125 0.019140625
5 0.8109375 0.12109375 0.012109375 0.0203125
5 0.525 0.10078125 0.012109375 0.016796875
5 0.60546875 0.96796875 0.011328125 0.0234375
5 0.54765625 0.51875 0.010546875 0.015625
5 0.9828125 0.3109375 0.00859375 0.021484375