4 0.36171875 0.80703125 0.01875 0.021875
4 0.453125 0.734375 0.02109375 0.01796875
4 0.4875 0.7796875 0.02109375 0.021875
1 0.4875 0.884375 0.0171875 0.034375
4 0.52734375 0.3703125 0.021875 0.0265625
1 0.478125 0.95625 0.01953125 0.02421875
4 0.48203125 0.321875 0.02109375 0.02734375
4 0.64921875 0.121875 0.01796875 0.02421875
4 0.553125 0.28984375 0.02109375 0.02734375
1 0.5015625 0.71328125 0.01640625 0.03984375
4 0.46484375 0.67109375 0.01953125 0.02109375
4 0.62578125 0.28671875 0.01953125 0.01796875