1 0.06953125 0.9859375 0.014453125 0.028125
1 0.02890625 0.87734375 0.019921875 0.038671875
4 0.228125 0.134375 0.021484375 0.028125
4 0.3296875 0.0328125 0.024609375 0.024609375
1 0.13828125 0.9640625 0.0234375 0.0375
4 0.25390625 0.0390625 0.0234375 0.027734375
4 0.18125 0.0828125 0.025 0.028515625
4 0.14921875 0.52265625 0.020703125 0.020703125
4 0.1640625 0.459375 0.021484375 0.018359375
1 0.2 0.49296875 0.01953125 0.036328125
4 0.04765625 0.59609375 0.021875 0.020703125
4 0.18359375 0.56328125 0.021875 0.0203125
1 0.18515625 0.67109375 0.019921875 0.039453125
1 0.17421875 0.7484375 0.0265625 0.024609375