4 0.409375 0.290625 0.025 0.021484375
1 0.3703125 0.7171875 0.018359375 0.02734375
1 0.43125 0.4609375 0.018359375 0.030859375
1 0.45859375 0.296875 0.01875 0.03828125
1 0.271875 0.61328125 0.018359375 0.030078125
4 0.440625 0.3578125 0.025390625 0.022265625
1 0.34296875 0.78359375 0.011328125 0.040625
4 0.4359375 0.221875 0.021875 0.019140625
1 0.52265625 0.8078125 0.0109375 0.04140625
1 0.4171875 0.5296875 0.02265625 0.022265625
1 0.30078125 0.7296875 0.0125 0.041015625
4 0.315625 0.35390625 0.019140625 0.023046875