1 0.97265625 0.21640625 0.021875 0.020703125
1 0.928125 0.171875 0.01953125 0.025390625
1 0.85390625 0.475 0.013671875 0.034765625
1 0.88125 0.42265625 0.01171875 0.035546875
1 0.78359375 0.57890625 0.0125 0.035546875
4 0.61953125 0.884375 0.014453125 0.03203125
4 0.60703125 0.76171875 0.0125 0.035546875
1 0.859375 0.17265625 0.009765625 0.03125
4 0.6421875 0.81953125 0.01015625 0.034375
4 0.8078125 0.528125 0.012890625 0.031640625
4 0.7625 0.5078125 0.0125 0.03125
4 0.74453125 0.5875 0.0125 0.028125
1 0.9515625 0.2765625 0.01015625 0.037890625
4 0.65703125 0.99375 0.011328125 0.0125