3 0.2375 0.3109375 0.01328125 0.024609375
3 0.3765625 0.30546875 0.01484375 0.0234375
3 0.60078125 0.4609375 0.017578125 0.03515625
3 0.40859375 0.54375 0.0109375 0.021484375
3 0.1828125 0.6546875 0.01484375 0.02734375
3 0.25703125 0.725 0.013671875 0.022265625
4 0.2328125 0.5546875 0.018359375 0.024609375
3 0.54609375 0.25 0.014453125 0.02578125
4 0.625 0.15390625 0.0125 0.0296875
4 0.71484375 0.03828125 0.0109375 0.035546875
4 0.81171875 0.1578125 0.010546875 0.024609375
4 0.775 0.12890625 0.01796875 0.01875
4 0.8984375 0.03046875 0.015234375 0.030078125