2 0.634375 0.41328125 0.0125 0.0234375
2 0.90234375 0.20078125 0.016796875 0.032421875
2 0.60546875 0.24453125 0.010546875 0.019921875
2 0.4234375 0.28984375 0.012890625 0.023046875
2 0.7953125 0.209375 0.012890625 0.02421875
2 0.49375 0.28359375 0.012890625 0.020703125
2 0.415625 0.36796875 0.0125 0.014453125
2 0.7484375 0.3984375 0.015625 0.024609375
2 0.56484375 0.43046875 0.0109375 0.016796875
2 0.97109375 0.42421875 0.0109375 0.021875
2 0.94453125 0.16015625 0.014453125 0.021875
2 0.46328125 0.434375 0.0140625 0.01953125
2 0.9953125 0.3453125 0.008984375 0.01640625
2 0.421875 0.4359375 0.0125 0.022265625
2 0.896875 0.390625 0.01171875 0.025
2 0.69609375 0.22421875 0.0109375 0.0203125
2 0.8875 0.27265625 0.01171875 0.023046875