4 0.1453125 0.7484375 0.012890625 0.034375
4 0.12734375 0.97109375 0.014453125 0.0359375
1 0.04765625 0.7671875 0.0171875 0.040234375
1 0.17734375 0.71875 0.019921875 0.03046875
4 0.17734375 0.809375 0.014453125 0.031640625
1 0.0859375 0.7484375 0.021484375 0.03125
4 0.4203125 0.4953125 0.015234375 0.041015625
4 0.215625 0.771875 0.012109375 0.031640625
4 0.3953125 0.7390625 0.015234375 0.037890625
4 0.36484375 0.65859375 0.015625 0.038671875
4 0.5015625 0.440625 0.015234375 0.0375
4 0.415625 0.61484375 0.01796875 0.042578125