1 0.37578125 0.0109375 0.017578125 0.021875
1 0.790625 0.79140625 0.022265625 0.0390625
1 0.61953125 0.471875 0.0125 0.041015625
1 0.79609375 0.70390625 0.0125 0.034375
1 0.67265625 0.6109375 0.010546875 0.0375
1 0.5546875 0.25390625 0.025390625 0.0390625
1 0.48984375 0.225 0.0109375 0.03671875
1 0.73671875 0.60234375 0.0140625 0.0421875
1 0.6515625 0.55234375 0.015625 0.039453125
1 0.66953125 0.4828125 0.0125 0.021875
1 0.54921875 0.328125 0.0109375 0.028515625
1 0.47421875 0.0875 0.0125 0.02421875