1 0.45546875 0.41171875 0.0171875 0.0265625
1 0.45703125 0.5984375 0.0140625 0.03359375
1 0.3546875 0.57734375 0.009765625 0.032421875
1 0.45234375 0.34296875 0.011328125 0.034375
4 0.4375 0.2515625 0.016015625 0.025
1 0.43828125 0.1875 0.0109375 0.034765625
1 0.40234375 0.653125 0.011328125 0.034765625
4 0.41328125 0.13515625 0.014453125 0.0234375
4 0.39765625 0.2140625 0.016796875 0.024609375
1 0.51796875 0.89765625 0.0125 0.04375
1 0.6015625 0.57265625 0.0125 0.030078125
1 0.45078125 0.66796875 0.013671875 0.033203125