2 0.74375 0.4328125 0.0125 0.02734375
2 0.6421875 0.60703125 0.012890625 0.01875
2 0.4015625 0.58828125 0.016015625 0.026171875
2 0.56328125 0.4421875 0.01875 0.030859375
2 0.54453125 0.50546875 0.0109375 0.023828125
2 0.46015625 0.4234375 0.0125 0.025
2 0.0921875 0.390625 0.0125 0.021875
2 0.11796875 0.5421875 0.014453125 0.019140625
2 0.2890625 0.5703125 0.0125 0.028515625
2 0.21875 0.56796875 0.01171875 0.01875
2 0.5453125 0.62109375 0.009765625 0.0203125
2 0.07578125 0.5328125 0.0140625 0.025390625
2 0.27421875 0.4 0.0109375 0.025
2 0.60546875 0.41484375 0.014453125 0.01875
2 0.67734375 0.4421875 0.0109375 0.021875
2 0.0765625 0.465625 0.012109375 0.015625
2 0.16171875 0.40546875 0.0140625 0.020703125
2 0.61328125 0.67421875 0.011328125 0.021875
2 0.3640625 0.40703125 0.01015625 0.0234375