5 0.72109375 0.46484375 0.0140625 0.017578125
5 0.56640625 0.13203125 0.0109375 0.015625
5 0.1921875 0.11796875 0.012109375 0.021875
5 0.30703125 0.05234375 0.015625 0.0171875
5 0.315625 0.15625 0.01171875 0.021484375
5 0.62578125 0.33125 0.009375 0.021484375
5 0.7859375 0.46953125 0.015625 0.0265625
5 0.67578125 0.1890625 0.0078125 0.02265625
5 0.59609375 0.42890625 0.0078125 0.025
5 0.55234375 0.43359375 0.011328125 0.019921875
5 0.49921875 0.37734375 0.011328125 0.020703125
5 0.43515625 0.171875 0.0125 0.02421875
5 0.3359375 0.2078125 0.009375 0.019140625