1 0.51796875 0.71484375 0.0125 0.0390625
1 0.453125 0.6921875 0.02578125 0.03828125
1 0.2609375 0.36328125 0.0140625 0.0421875
1 0.203125 0.17734375 0.02421875 0.03359375
1 0.63984375 0.9234375 0.02109375 0.03828125
1 0.3828125 0.48359375 0.01015625 0.04140625
1 0.32578125 0.34765625 0.01171875 0.03984375
1 0.33203125 0.475 0.01328125 0.02109375
1 0.53828125 0.85234375 0.01171875 0.021875
1 0.45625 0.61796875 0.009375 0.03046875
1 0.3484375 0.40390625 0.01796875 0.0375
1 0.2 0.2640625 0.01328125 0.034375