1 0.52109375 0.35234375 0.021875 0.026171875
1 0.28359375 0.4578125 0.0234375 0.016015625
1 0.2421875 0.46484375 0.02265625 0.026171875
1 0.840625 0.175 0.01328125 0.022265625
1 0.9890625 0.165625 0.021875 0.034765625
1 0.9671875 0.09609375 0.01640625 0.0328125
1 0.47890625 0.446875 0.0171875 0.04453125
1 0.67890625 0.2734375 0.0140625 0.040234375
1 0.33984375 0.446875 0.0234375 0.03046875
1 0.21640625 0.57265625 0.0203125 0.030078125
1 0.1375 0.6203125 0.021484375 0.019140625
1 0.09609375 0.56953125 0.026171875 0.025
1 0.44375 0.4015625 0.012890625 0.028125
1 0.30703125 0.51875 0.008203125 0.021875
1 0.85546875 0.259375 0.021875 0.025
1 0.59609375 0.39375 0.013671875 0.018359375