0 0.75546875 0.64609375 0.0265625 0.03125
0 0.55390625 0.90703125 0.025 0.0171875
0 0.64765625 0.565625 0.026171875 0.033984375
0 0.34296875 0.628125 0.019921875 0.01796875
0 0.0359375 0.84296875 0.019140625 0.029296875
0 0.775 0.4390625 0.027734375 0.021484375
0 0.94375 0.63203125 0.012890625 0.051171875
0 0.9328125 0.490625 0.0125 0.018359375
0 0.29296875 0.83984375 0.013671875 0.017578125
0 0.584375 0.76171875 0.012109375 0.0515625
0 0.91953125 0.55078125 0.008203125 0.039453125
0 0.8484375 0.403125 0.019140625 0.04453125
0 0.70234375 0.49140625 0.009375 0.030078125