5 0.24296875 0.36875 0.01328125 0.01640625
5 0.37734375 0.18828125 0.00859375 0.02578125
5 0.5921875 0.74765625 0.01171875 0.0171875
5 0.6234375 0.95859375 0.01328125 0.01953125
5 0.25234375 0.01796875 0.0109375 0.0203125
5 0.16015625 0.896875 0.01171875 0.02734375
5 0.546875 0.11171875 0.01328125 0.0140625
5 0.59609375 0.5234375 0.00859375 0.02421875
5 0.56015625 0.35390625 0.01171875 0.01875
5 0.3828125 0.48671875 0.01171875 0.02421875
5 0.3109375 0.746875 0.01328125 0.021875
5 0.1390625 0.571875 0.0125 0.02578125