3 0.94375 0.3 0.0125 0.021484375
3 0.871875 0.46875 0.0125 0.01796875
3 0.721875 0.46328125 0.01171875 0.019921875
3 0.56171875 0.37421875 0.0125 0.023046875
3 0.71484375 0.575 0.0125 0.024609375
3 0.56796875 0.62421875 0.0171875 0.03125
3 0.575 0.50390625 0.012890625 0.029296875
4 0.36875 0.26953125 0.0125 0.017578125
4 0.27578125 0.3046875 0.017578125 0.022265625
4 0.25234375 0.47578125 0.0140625 0.03125
4 0.28359375 0.6921875 0.0125 0.022265625
4 0.3515625 0.98984375 0.009765625 0.0203125
4 0.39140625 0.98515625 0.0140625 0.0296875