1 0.12109375 0.70390625 0.019921875 0.020703125
1 0.171875 0.76328125 0.016015625 0.026953125
1 0.2671875 0.5515625 0.01875 0.025390625
1 0.1171875 0.36484375 0.02109375 0.020703125
4 0.29921875 0.74140625 0.0140625 0.0296875
1 0.103125 0.62890625 0.01953125 0.0203125
4 0.31796875 0.5546875 0.013671875 0.030859375
4 0.34375 0.6109375 0.01328125 0.031640625
1 0.34921875 0.53671875 0.0203125 0.026171875
1 0.13671875 0.60546875 0.015625 0.03125
1 0.23125 0.5609375 0.015234375 0.03359375
4 0.38046875 0.5859375 0.0109375 0.02734375
4 0.528125 0.56953125 0.015234375 0.0328125
4 0.5515625 0.4734375 0.01015625 0.030859375
4 0.51640625 0.5015625 0.013671875 0.03125
4 0.5625 0.3671875 0.0125 0.028515625
4 0.63515625 0.33125 0.0140625 0.03046875