5 0.67890625 0.19453125 0.01171875 0.025
5 0.4078125 0.65703125 0.01015625 0.021875
5 0.60859375 0.6796875 0.0109375 0.025
5 0.4390625 0.7453125 0.0140625 0.03046875
5 0.6140625 0.36875 0.009375 0.021875
5 0.5875 0.1390625 0.0109375 0.01640625
5 0.4921875 0.15234375 0.0140625 0.015625
5 0.3234375 0.8375 0.009375 0.02578125
5 0.47109375 0.2640625 0.009375 0.02734375
5 0.4046875 0.59140625 0.01328125 0.0140625
5 0.615625 0.97265625 0.0125 0.02109375
5 0.4953125 0.4953125 0.00859375 0.02265625
5 0.52734375 0.09921875 0.0140625 0.02578125