4 0.4953125 0.1546875 0.01953125 0.02109375
4 0.5046875 0.590625 0.01875 0.021875
1 0.5078125 0.696875 0.01484375 0.03515625
1 0.50078125 0.7703125 0.021875 0.02421875
4 0.55546875 0.0953125 0.01875 0.02265625
4 0.53984375 0.171875 0.0203125 0.025
1 0.3671875 0.90859375 0.01484375 0.034375
4 0.6296875 0.0828125 0.01796875 0.02109375
1 0.515625 0.52578125 0.0140625 0.03671875
4 0.4953125 0.4625 0.01640625 0.01875
4 0.46875 0.53671875 0.01953125 0.02265625
1 0.47421875 0.98203125 0.01875 0.0328125