5 0.790625 0.98671875 0.01328125 0.021875
5 0.6578125 0.27578125 0.012890625 0.01875
5 0.825 0.29921875 0.012109375 0.0203125
5 0.68828125 0.22734375 0.0125 0.021875
5 0.778125 0.73203125 0.01171875 0.026171875
5 0.7578125 0.06953125 0.01015625 0.014453125
5 0.62890625 0.8 0.010546875 0.022265625
5 0.74375 0.259375 0.012109375 0.018359375
5 0.77421875 0.45625 0.0125 0.01953125
5 0.52734375 0.88984375 0.008203125 0.026171875
5 0.59609375 0.7234375 0.010546875 0.02734375
5 0.590625 0.66640625 0.012109375 0.01875
5 0.67265625 0.57578125 0.008203125 0.021875
5 0.64140625 0.37421875 0.010546875 0.026953125