5 0.83984375 0.2546875 0.011328125 0.028125
5 0.88203125 0.7203125 0.0140625 0.02109375
5 0.83125 0.54921875 0.009375 0.019921875
5 0.79453125 0.759375 0.0109375 0.01796875
5 0.80546875 0.9640625 0.0109375 0.015234375
5 0.73359375 0.7890625 0.011328125 0.021484375
5 0.6828125 0.16953125 0.0125 0.023828125
5 0.70078125 0.7359375 0.0140625 0.01484375
5 0.6453125 0.24921875 0.009375 0.0234375
5 0.63828125 0.31015625 0.011328125 0.0140625
5 0.6859375 0.628125 0.008984375 0.02421875
5 0.72421875 0.41328125 0.010546875 0.026171875
5 0.575 0.0671875 0.01171875 0.025