2 0.4328125 0.46640625 0.01484375 0.019921875
2 0.16484375 0.58984375 0.014453125 0.023046875
2 0.315625 0.42734375 0.01171875 0.0234375
2 0.50703125 0.471875 0.013671875 0.022265625
2 0.28359375 0.603125 0.0125 0.024609375
2 0.0078125 0.58125 0.0125 0.022265625
2 0.015625 0.45859375 0.009765625 0.0203125
2 0.46640625 0.62109375 0.013671875 0.017578125
2 0.00390625 0.3859375 0.0078125 0.025390625
2 0.1125 0.39140625 0.01328125 0.0265625
2 0.51640625 0.553125 0.011328125 0.015625
2 0.21875 0.4078125 0.0125 0.01875
2 0.35859375 0.62109375 0.0125 0.016796875
2 0.51015625 0.6234375 0.0125 0.027734375