5 0.9015625 0.56328125 0.01484375 0.016796875
5 0.58203125 0.8375 0.013671875 0.021875
5 0.8703125 0.4484375 0.009765625 0.025390625
5 0.41328125 0.8265625 0.013671875 0.016015625
5 0.1875 0.95234375 0.012890625 0.0171875
5 0.62421875 0.46328125 0.0140625 0.015625
5 0.72109375 0.97578125 0.009375 0.026171875
5 0.265625 0.58671875 0.01171875 0.0203125
5 0.52109375 0.51015625 0.008203125 0.019921875
5 0.38203125 0.51953125 0.010546875 0.025
5 0.75 0.49140625 0.009375 0.023046875
5 0.25234375 0.70546875 0.008203125 0.025