1 0.15703125 0.928125 0.025 0.021875
1 0.9578125 0.6671875 0.028125 0.025
1 0.8953125 0.89921875 0.02265625 0.035546875
1 0.78203125 0.778125 0.0140625 0.04375
1 0.3484375 0.809375 0.025 0.03828125
1 0.77421875 0.94609375 0.0140625 0.041796875
1 0.628125 0.77265625 0.021484375 0.01875
1 0.26640625 0.81484375 0.025 0.035546875
1 0.47265625 0.765625 0.0234375 0.037109375
1 0.87890625 0.615625 0.016796875 0.037890625
1 0.81640625 0.65078125 0.0171875 0.036328125
1 0.7234375 0.6265625 0.012890625 0.04140625
1 0.4515625 0.97265625 0.009765625 0.0453125