3 0.21484375 0.62734375 0.016796875 0.026171875
3 0.09921875 0.7578125 0.015625 0.02734375
4 0.03359375 0.56875 0.015625 0.027734375
3 0.37734375 0.503125 0.016796875 0.02578125
4 0.47890625 0.49921875 0.0109375 0.032421875
4 0.6015625 0.4984375 0.015234375 0.034375
3 0.3578125 0.2828125 0.021484375 0.031640625
3 0.175 0.4125 0.01328125 0.021875
3 0.009375 0.41953125 0.0125 0.0203125
4 0.62265625 0.3609375 0.015625 0.02265625
4 0.65 0.3046875 0.009765625 0.02265625
4 0.77734375 0.30859375 0.0125 0.032421875