5 0.26875 0.04609375 0.01796875 0.020703125
5 0.43359375 0.94296875 0.0140625 0.017578125
5 0.51796875 0.66171875 0.0125 0.025
5 0.39375 0.84453125 0.01171875 0.026953125
5 0.278125 0.3765625 0.016015625 0.025
5 0.459375 0.35390625 0.01328125 0.020703125
5 0.61328125 0.80390625 0.0125 0.023828125
5 0.15 0.3453125 0.012109375 0.025
5 0.378125 0.59765625 0.01328125 0.026953125
5 0.26328125 0.48125 0.009375 0.027734375
5 0.4765625 0.97734375 0.009765625 0.026171875
5 0.415625 0.05625 0.01328125 0.021484375
5 0.27109375 0.54765625 0.013671875 0.0171875
5 0.5296875 0.90859375 0.012109375 0.0203125