1 0.1796875 0.771875 0.024609375 0.01953125
1 0.01171875 0.8359375 0.0234375 0.047265625
1 0.7265625 0.91484375 0.02265625 0.0234375
1 0.4390625 0.55 0.021875 0.037890625
1 0.53125 0.759375 0.021875 0.028515625
1 0.69453125 0.759375 0.023046875 0.028515625
1 0.29453125 0.884375 0.0140625 0.03828125
1 0.45703125 0.840625 0.016796875 0.041015625
1 0.38828125 0.82734375 0.016796875 0.039453125
1 0.62421875 0.31640625 0.0171875 0.016796875
1 0.3109375 0.54453125 0.015625 0.041796875
1 0.3390625 0.71171875 0.016015625 0.0421875