1 0.1671875 0.5203125 0.02734375 0.01875
1 0.33828125 0.14609375 0.025 0.0265625
1 0.61328125 0.146875 0.0203125 0.022265625
1 0.7703125 0.07734375 0.022265625 0.0328125
1 0.30703125 0.3984375 0.020703125 0.01875
1 0.39140625 0.4125 0.0171875 0.03125
1 0.11484375 0.071875 0.015625 0.01875
1 0.46484375 0.2140625 0.010546875 0.043359375
1 0.17578125 0.67734375 0.021875 0.0265625
1 0.45 0.0453125 0.016015625 0.037890625
1 0.4484375 0.35234375 0.019140625 0.032421875
1 0.53984375 0.33203125 0.0171875 0.032421875