5 0.14375 0.77578125 0.01015625 0.021875
5 0.115625 0.64375 0.0140625 0.0203125
5 0.40859375 0.80703125 0.01328125 0.0171875
5 0.521875 0.7734375 0.0109375 0.01875
5 0.90234375 0.35859375 0.01328125 0.01640625
5 0.78125 0.24609375 0.01484375 0.0203125
5 0.796875 0.73671875 0.0140625 0.01875
5 0.65625 0.453125 0.01328125 0.01953125
5 0.8046875 0.21484375 0.0109375 0.025
5 0.81953125 0.61484375 0.0125 0.02421875
5 0.671875 0.78984375 0.0109375 0.028125
5 0.57109375 0.1671875 0.009375 0.021875
5 0.33515625 0.22734375 0.01015625 0.0203125
5 0.475 0.4078125 0.015625 0.02265625
5 0.275 0.75078125 0.01015625 0.02421875