1 0.621875 0.2203125 0.022265625 0.025390625
4 0.68515625 0.85390625 0.025 0.023046875
4 0.75546875 0.9 0.020703125 0.021875
1 0.66484375 0.46484375 0.017578125 0.036328125
1 0.47265625 0.13046875 0.0171875 0.033203125
4 0.73046875 0.81640625 0.020703125 0.0234375
1 0.5734375 0.02265625 0.022265625 0.028125
1 0.503125 0.01484375 0.01171875 0.0296875
4 0.64765625 0.4 0.019921875 0.019140625
1 0.63828125 0.290625 0.01875 0.03671875
4 0.64765625 0.5265625 0.0203125 0.021484375
4 0.8375 0.8859375 0.021875 0.025390625
4 0.6140625 0.46796875 0.021875 0.019921875