2 0.57734375 0.76875 0.0140625 0.021875
2 0.43984375 0.67890625 0.0109375 0.01953125
2 0.515625 0.66171875 0.01640625 0.01796875
2 0.77734375 0.6890625 0.01484375 0.0234375
2 0.92578125 0.88203125 0.015625 0.01796875
2 0.728125 0.8765625 0.0171875 0.02578125
2 0.36875 0.6609375 0.01484375 0.02734375
2 0.67265625 0.68828125 0.01640625 0.02734375
2 0.57265625 0.89296875 0.01328125 0.02265625
2 0.46953125 0.86171875 0.01328125 0.0171875
2 0.99140625 0.71328125 0.015625 0.021875
2 0.85 0.87265625 0.01796875 0.0265625
2 0.87265625 0.69375 0.015625 0.02734375
2 0.4984375 0.93984375 0.0140625 0.0203125
2 0.56015625 0.69375 0.01953125 0.03515625