1 0.5 0.85390625 0.024609375 0.0296875
1 0.72265625 0.4359375 0.0171875 0.01875
1 0.475 0.521875 0.025 0.03203125
1 0.96796875 0.4921875 0.023046875 0.03125
1 0.315625 0.6609375 0.02421875 0.021875
1 0.9421875 0.24140625 0.01640625 0.034375
1 0.859375 0.559375 0.01328125 0.034765625
1 0.5796875 0.4609375 0.01875 0.03359375
1 0.80234375 0.2859375 0.0140625 0.034375
1 0.859375 0.40703125 0.0125 0.040625
1 0.88671875 0.2875 0.0171875 0.030859375
1 0.40234375 0.5421875 0.020703125 0.030859375
1 0.5734375 0.64296875 0.009765625 0.0375