5 0.5421875 0.14453125 0.012109375 0.0109375
5 0.60546875 0.89375 0.009375 0.01328125
5 0.3421875 0.18359375 0.012109375 0.019921875
5 0.7328125 0.6328125 0.00859375 0.02109375
5 0.4578125 0.0140625 0.009375 0.015625
5 0.53046875 0.1859375 0.0109375 0.018359375
5 0.77109375 0.946875 0.010546875 0.021875
5 0.28515625 0.23359375 0.010546875 0.020703125
5 0.4453125 0.41328125 0.008984375 0.021875
5 0.49296875 0.68984375 0.0109375 0.019921875
5 0.60078125 0.50234375 0.010546875 0.016796875
5 0.275 0.43515625 0.0125 0.017578125
5 0.30078125 0.853125 0.009375 0.025390625
5 0.303125 0.66875 0.009765625 0.021484375