3 0.94140625 0.44140625 0.017578125 0.026171875
3 0.61484375 0.53515625 0.0171875 0.026953125
4 0.29296875 0.67890625 0.0109375 0.0234375
4 0.1796875 0.8421875 0.01875 0.031640625
4 0.41484375 0.80390625 0.013671875 0.0375
4 0.34140625 0.70078125 0.01875 0.01875
4 0.52421875 0.65078125 0.014453125 0.033203125
3 0.79921875 0.45859375 0.015625 0.0234375
3 0.5484375 0.31640625 0.02109375 0.030078125
3 0.7546875 0.2203125 0.012109375 0.02265625
3 0.89453125 0.04375 0.0140625 0.02421875
3 0.96953125 0.10546875 0.014453125 0.0265625
4 0.92890625 0.20234375 0.0203125 0.020703125