5 0.0984375 0.43671875 0.0140625 0.01640625
5 0.41796875 0.1625 0.01328125 0.021875
5 0.1296875 0.5515625 0.01015625 0.02578125
5 0.58671875 0.1734375 0.01328125 0.01640625
5 0.8125 0.04765625 0.01328125 0.0171875
5 0.37578125 0.53671875 0.0140625 0.015625
5 0.27890625 0.02421875 0.009375 0.02578125
5 0.734375 0.41328125 0.0109375 0.0203125
5 0.47890625 0.48984375 0.00859375 0.01953125
5 0.61796875 0.48046875 0.01015625 0.025
5 0.25 0.50859375 0.009375 0.02265625
5 0.74765625 0.29453125 0.00859375 0.025