2 0.3421875 0.39296875 0.01484375 0.0265625
2 0.490625 0.6140625 0.0125 0.027734375
2 0.50390625 0.34921875 0.014453125 0.0265625
2 0.646875 0.33046875 0.01328125 0.028125
2 0.63828125 0.58515625 0.013671875 0.0234375
2 0.08515625 0.23828125 0.0125 0.023828125
2 0.19609375 0.50234375 0.011328125 0.020703125
2 0.36953125 0.3140625 0.0140625 0.025
2 0.03671875 0.51953125 0.014453125 0.029296875
2 0.15234375 0.2875 0.0125 0.021875
2 0.58125 0.7859375 0.015234375 0.028515625
2 0.45078125 0.50859375 0.0125 0.026171875
2 0.571875 0.54453125 0.01328125 0.015625