5 0.84453125 0.9390625 0.01640625 0.01484375
5 0.4828125 0.1515625 0.0125 0.01796875
5 0.5578125 0.91953125 0.009375 0.0140625
5 0.503125 0.18515625 0.009375 0.02421875
5 0.68828125 0.07734375 0.01328125 0.01875
5 0.62734375 0.3578125 0.00703125 0.021875
5 0.4921875 0.5375 0.0109375 0.01484375
5 0.7546875 0.09453125 0.01015625 0.01796875
5 0.815625 0.53046875 0.01015625 0.01640625
5 0.80078125 0.28671875 0.01328125 0.0140625
5 0.38671875 0.7375 0.0078125 0.02421875
5 0.63046875 0.659375 0.0109375 0.02734375
5 0.85078125 0.709375 0.00859375 0.02578125