2 0.57734375 0.23125 0.0140625 0.021875
2 0.43984375 0.32109375 0.0109375 0.019921875
2 0.515625 0.33828125 0.016015625 0.017578125
2 0.77734375 0.3109375 0.014453125 0.02265625
2 0.92578125 0.11796875 0.015625 0.017578125
2 0.728125 0.1234375 0.01796875 0.025390625
2 0.36875 0.3390625 0.015234375 0.027734375
2 0.67265625 0.31171875 0.016796875 0.026953125
2 0.57265625 0.10703125 0.013671875 0.023046875
2 0.46953125 0.13828125 0.013671875 0.0171875
2 0.99140625 0.28671875 0.015625 0.021875
2 0.85 0.12734375 0.018359375 0.0265625
2 0.87265625 0.30625 0.015625 0.027734375
2 0.4984375 0.06015625 0.01484375 0.0203125
2 0.56015625 0.30625 0.019921875 0.034765625