2 0.5296875 0.571875 0.01328125 0.0265625
2 0.61953125 0.44921875 0.01171875 0.02421875
2 0.58046875 0.28984375 0.0140625 0.02578125
2 0.34296875 0.6046875 0.01640625 0.02578125
2 0.678125 0.18515625 0.01328125 0.02109375
2 0.18203125 0.77265625 0.015625 0.02734375
2 0.428125 0.48515625 0.01171875 0.02734375
2 0.79140625 0.2125 0.015625 0.0234375
2 0.759375 0.26171875 0.015625 0.02734375
2 0.38046875 0.63984375 0.01171875 0.02421875
2 0.7703125 0.15625 0.0109375 0.02109375
2 0.50625 0.3828125 0.01171875 0.021875
2 0.73359375 0.10625 0.0125 0.0203125
2 0.296875 0.62265625 0.01328125 0.0234375
2 0.6796875 0.38046875 0.0125 0.02109375
2 0.24296875 0.715625 0.01015625 0.02265625
2 0.3734375 0.85390625 0.0125 0.01875
2 0.41484375 0.74140625 0.01015625 0.02109375
2 0.325 0.825 0.0109375 0.01796875