4 0.46640625 0.18828125 0.0140625 0.035546875
1 0.7421875 0.1484375 0.024609375 0.02265625
1 0.6578125 0.00859375 0.01875 0.0171875
1 0.71953125 0.0625 0.023046875 0.025
1 0.70546875 0.17890625 0.019921875 0.032421875
4 0.49453125 0.24921875 0.013671875 0.034375
4 0.27578125 0.32890625 0.016796875 0.042578125
1 0.5578125 0.2546875 0.02109375 0.03125
1 0.59609375 0.2390625 0.0140625 0.034375
1 0.734375 0.4546875 0.022265625 0.02265625
1 0.89921875 0.2 0.032421875 0.03203125
4 0.51484375 0.028125 0.0109375 0.0375
4 0.21953125 0.4921875 0.014453125 0.03125
4 0.42890625 0.221875 0.015625 0.03203125
4 0.25 0.24765625 0.015625 0.038671875
4 0.22421875 0.36640625 0.0171875 0.0359375
4 0.134375 0.53671875 0.016015625 0.033203125
1 0.46484375 0.2765625 0.020703125 0.03359375