5 0.484375 0.66171875 0.00859375 0.02265625
5 0.12109375 0.09140625 0.015625 0.015625
5 0.12578125 0.48359375 0.01328125 0.0140625
5 0.14140625 0.125 0.01171875 0.02578125
5 0.328125 0.0140625 0.01171875 0.01640625
5 0.43984375 0.23125 0.01484375 0.0140625
5 0.265625 0.6125 0.01171875 0.025
5 0.265625 0.3046875 0.0078125 0.01953125
5 0.1890625 0.87890625 0.01171875 0.0203125
5 0.475 0.89921875 0.01171875 0.01640625
5 0.39453125 0.03203125 0.01171875 0.0234375
5 0.45234375 0.48125 0.01015625 0.015625
5 0.0171875 0.6890625 0.0078125 0.02109375