1 0.528125 0.35625 0.024609375 0.019140625
1 0.58515625 0.28984375 0.025 0.0296875
1 0.54453125 0.465625 0.015625 0.03125
1 0.5046875 0.4390625 0.022265625 0.02265625
1 0.52265625 0.73515625 0.021875 0.0234375
1 0.69296875 0.53203125 0.01875 0.0265625
4 0.9734375 0.58828125 0.015625 0.0359375
4 0.7796875 0.4625 0.01484375 0.03125
1 0.653125 0.5171875 0.015234375 0.037890625
4 0.99140625 0.51484375 0.016796875 0.0390625
1 0.35546875 0.49921875 0.03125 0.0296875
1 0.78203125 0.54921875 0.021875 0.0296875
4 0.81953125 0.49375 0.0140625 0.031640625
4 0.74921875 0.52890625 0.0140625 0.0359375
4 0.73046875 0.31796875 0.0171875 0.045703125