2 0.6171875 0.6046875 0.01484375 0.024609375
2 0.77890625 0.40078125 0.0171875 0.034375
2 0.97265625 0.3375 0.0109375 0.027734375
2 0.4671875 0.44453125 0.012109375 0.0234375
2 0.6671875 0.40859375 0.01484375 0.026171875
2 0.82265625 0.3609375 0.015625 0.01875
2 0.2765625 0.48984375 0.015234375 0.021875
2 0.35078125 0.4828125 0.0140625 0.019140625
2 0.7734375 0.59921875 0.012109375 0.023828125
2 0.27421875 0.64296875 0.014453125 0.023828125
2 0.2671875 0.571875 0.0125 0.01796875
2 0.4984375 0.61796875 0.012890625 0.0265625
2 0.8765625 0.5515625 0.012109375 0.018359375
2 0.42734375 0.6359375 0.011328125 0.016015625
2 0.31796875 0.63984375 0.015625 0.019921875
2 0.76328125 0.47578125 0.011328125 0.020703125
2 0.56171875 0.4265625 0.0125 0.022265625
2 0.90078125 0.36796875 0.011328125 0.020703125
2 0.85 0.63203125 0.009765625 0.025