2 0.02734375 0.3734375 0.016796875 0.01875
2 0.88203125 0.63125 0.0140625 0.01796875
2 0.44140625 0.03046875 0.016796875 0.026953125
2 0.209375 0.33203125 0.016015625 0.020703125
2 0.94296875 0.715625 0.016796875 0.018359375
2 0.7640625 0.521875 0.01640625 0.02578125
2 0.334375 0.284375 0.015625 0.025390625
2 0.50078125 0.36796875 0.015625 0.0203125
2 0.85 0.3875 0.01875 0.01953125
2 0.71953125 0.271875 0.016796875 0.025
2 0.5 0.11640625 0.016015625 0.020703125
2 0.6734375 0.33671875 0.016015625 0.0203125
2 0.8453125 0.88828125 0.015234375 0.025
2 0.784375 0.65859375 0.016015625 0.025
2 0.99609375 0.45703125 0.0078125 0.014453125
2 0.2296875 0.07421875 0.016015625 0.026953125