1 0.13515625 0.60625 0.0265625 0.044140625
1 0.1796875 0.70234375 0.02265625 0.019921875
1 0.30234375 0.56953125 0.026171875 0.032421875
1 0.8609375 0.54765625 0.019140625 0.03125
1 0.38359375 0.55 0.014453125 0.0375
1 0.37109375 0.63125 0.0265625 0.02578125
1 0.209375 0.60546875 0.019140625 0.036328125
1 0.690625 0.56171875 0.01328125 0.046875
1 0.91796875 0.60859375 0.01875 0.051171875
1 0.94375 0.54765625 0.016015625 0.029296875
1 0.5125 0.6453125 0.022265625 0.02109375
1 0.51484375 0.55546875 0.014453125 0.029296875
1 0.79453125 0.628125 0.0140625 0.01796875