5 0.3484375 0.7453125 0.01015625 0.01875
5 0.2 0.0078125 0.01171875 0.015234375
5 0.43125 0.38046875 0.008984375 0.023828125
5 0.48515625 0.653125 0.0140625 0.01328125
5 0.64453125 0.04609375 0.008203125 0.025
5 0.29921875 0.20546875 0.011328125 0.015625
5 0.546875 0.63671875 0.0125 0.020703125
5 0.29140625 0.57421875 0.0140625 0.017578125
5 0.3109375 0.54453125 0.009375 0.0203125
5 0.43515625 0.0890625 0.011328125 0.025
5 0.61015625 0.2203125 0.0109375 0.01875
5 0.59296875 0.45546875 0.0140625 0.016796875