1 0.4390625 0.55078125 0.021484375 0.01875
1 0.3 0.6359375 0.016015625 0.02890625
4 0.46015625 0.3890625 0.017578125 0.018359375
1 0.45234375 0.4859375 0.015625 0.030859375
4 0.43125 0.32890625 0.01875 0.0171875
1 0.3921875 0.7359375 0.01875 0.025390625
4 0.53359375 0.01484375 0.01875 0.01875
1 0.4765625 0.33203125 0.016015625 0.030078125
1 0.5421875 0.82265625 0.012109375 0.033203125
4 0.46328125 0.26953125 0.0171875 0.015625
1 0.328125 0.75 0.01171875 0.037890625
1 0.36953125 0.80234375 0.010546875 0.036328125
4 0.34296875 0.3890625 0.016796875 0.015234375