5 0.4578125 0.85546875 0.012109375 0.0109375
5 0.39453125 0.10625 0.009375 0.01328125
5 0.6578125 0.81640625 0.012109375 0.019921875
5 0.2671875 0.3671875 0.00859375 0.02109375
5 0.5421875 0.9859375 0.009375 0.015625
5 0.46953125 0.8140625 0.0109375 0.018359375
5 0.22890625 0.053125 0.010546875 0.021875
5 0.71484375 0.76640625 0.010546875 0.020703125
5 0.5546875 0.58671875 0.008984375 0.021875
5 0.50703125 0.31015625 0.0109375 0.019921875
5 0.39921875 0.49765625 0.010546875 0.016796875
5 0.725 0.56484375 0.0125 0.017578125
5 0.69921875 0.146875 0.009375 0.025390625
5 0.696875 0.33125 0.009765625 0.021484375