4 0.4546875 0.02578125 0.02109375 0.01875
1 0.553125 0.7828125 0.019140625 0.028125
4 0.51640625 0.37109375 0.017578125 0.0171875
4 0.48671875 0.4296875 0.019921875 0.01875
1 0.50703125 0.5953125 0.0203125 0.021484375
4 0.41328125 0.04765625 0.017578125 0.020703125
1 0.46953125 0.371875 0.015625 0.031640625
4 0.4828125 0.309375 0.01640625 0.018359375
1 0.646875 0.68125 0.01796875 0.030859375
1 0.49375 0.52890625 0.015625 0.0296875
1 0.61875 0.79765625 0.009765625 0.039453125
1 0.40078125 0.87109375 0.010546875 0.034375
4 0.603125 0.4328125 0.01796875 0.01875
1 0.5765625 0.85 0.008984375 0.040234375