1 0.39609375 0.971875 0.0140625 0.0453125
1 0.35625 0.8546875 0.01484375 0.03828125
4 0.54765625 0.16484375 0.02109375 0.02578125
4 0.50546875 0.56796875 0.021875 0.02109375
1 0.62109375 0.990625 0.0125 0.01796875
1 0.50546875 0.6734375 0.01796875 0.0375
4 0.38125 0.59765625 0.01875 0.01875
1 0.4625 0.94296875 0.02109375 0.03359375
4 0.484375 0.4609375 0.01875 0.01875
4 0.50234375 0.115625 0.025 0.02421875
1 0.51953125 0.5046875 0.01640625 0.03515625
4 0.4703125 0.525 0.02109375 0.0203125
1 0.49609375 0.74296875 0.02421875 0.02421875
4 0.57265625 0.07890625 0.021875 0.02578125
4 0.64453125 0.0765625 0.02265625 0.021875