2 0.08203125 0.94296875 0.01640625 0.0328125
2 0.28125 0.21015625 0.01328125 0.02734375
2 0.20625 0.12109375 0.0125 0.025
2 0.1921875 0.2421875 0.01328125 0.0265625
2 0.21796875 0.703125 0.0140625 0.0296875
2 0.15390625 0.43125 0.0125 0.02109375
2 0.10390625 0.75546875 0.01328125 0.0265625
2 0.2875 0.13671875 0.0140625 0.0234375
2 0.1890625 0.96640625 0.0140625 0.0234375
2 0.2421875 0.50625 0.015625 0.02890625
2 0.1296875 0.58359375 0.01328125 0.02265625
2 0.25078125 0.11796875 0.0109375 0.0234375
2 0.12421875 0.92890625 0.01328125 0.02578125
2 0.2625 0.38671875 0.0109375 0.02265625