5 0.0515625 0.97734375 0.016015625 0.0234375
5 0.22265625 0.08046875 0.0140625 0.021875
5 0.24453125 0.15234375 0.0140625 0.020703125
5 0.08203125 0.2640625 0.008203125 0.024609375
5 0.22890625 0.61171875 0.0140625 0.017578125
5 0.24765625 0.8890625 0.0140625 0.028515625
5 0.15703125 0.07578125 0.0125 0.019921875
5 0.21171875 0.66796875 0.011328125 0.03125
5 0.06484375 0.06328125 0.014453125 0.026171875
5 0.16171875 0.46015625 0.011328125 0.026953125
5 0.16015625 0.72734375 0.011328125 0.0328125
5 0.24140625 0.26953125 0.011328125 0.03125
5 0.01875 0.5515625 0.01171875 0.031640625