1 0.903125 0.5453125 0.01953125 0.02890625
1 0.9546875 0.48515625 0.02265625 0.0203125
4 0.72734375 0.3890625 0.0109375 0.034375
1 0.80546875 0.32890625 0.01953125 0.02421875
1 0.97421875 0.409375 0.0234375 0.02109375
1 0.83984375 0.33984375 0.01484375 0.03125
4 0.68984375 0.3625 0.0125 0.02890625
1 0.95703125 0.13515625 0.02109375 0.02265625
4 0.50390625 0.1359375 0.01171875 0.0265625
4 0.75546875 0.33046875 0.0140625 0.03203125
1 0.721875 0.3109375 0.01796875 0.0265625
4 0.7734375 0.52265625 0.0109375 0.03046875
4 0.540625 0.346875 0.01171875 0.0328125
1 0.93828125 0.3828125 0.0171875 0.03125
4 0.5125 0.2484375 0.01171875 0.03125
4 0.55078125 0.278125 0.0140625 0.03359375