1 0.46015625 0.8984375 0.019921875 0.0375
4 0.41015625 0.9046875 0.021875 0.02109375
1 0.3546875 0.11015625 0.018359375 0.051171875
1 0.41796875 0.6609375 0.026171875 0.022265625
1 0.4328125 0.7265625 0.018359375 0.034375
1 0.27109375 0.57265625 0.020703125 0.036328125
1 0.3703125 0.4671875 0.024609375 0.030859375
4 0.44140625 0.83515625 0.0203125 0.0203125
4 0.4375 0.975 0.021875 0.021875
1 0.34453125 0.4015625 0.011328125 0.041015625
4 0.315625 0.83828125 0.01796875 0.019921875
1 0.3 0.4546875 0.0125 0.040625
1 0.52265625 0.37734375 0.013671875 0.0390625