5 0.15859375 0.309375 0.011328125 0.021875
5 0.29296875 0.2359375 0.011328125 0.02109375
5 0.18203125 0.0046875 0.0171875 0.009375
5 0.32421875 0.28359375 0.0125 0.0140625
5 0.21015625 0.46484375 0.008203125 0.017578125
5 0.23828125 0.26875 0.0109375 0.016015625
5 0.20859375 0.734375 0.011328125 0.025
5 0.1984375 0.98125 0.0125 0.02421875
5 0.4546875 0.890625 0.009765625 0.02421875
5 0.35546875 0.80390625 0.011328125 0.026953125
5 0.38671875 0.72734375 0.008203125 0.0234375
5 0.3921875 0.67265625 0.012109375 0.0171875
5 0.31171875 0.5828125 0.010546875 0.02734375
5 0.340625 0.3828125 0.009375 0.025
5 0.22265625 0.078125 0.0109375 0.019140625