1 0.6078125 0.14375 0.01875 0.028515625
1 0.54921875 0.2109375 0.0265625 0.019140625
4 0.80546875 0.3234375 0.013671875 0.034375
1 0.565625 0.32578125 0.016015625 0.034375
4 0.753125 0.165625 0.0125 0.033984375
1 0.5421875 0.59765625 0.019140625 0.0234375
1 0.52890625 0.29296875 0.023046875 0.023046875
1 0.71484375 0.38828125 0.0203125 0.030078125
4 0.77265625 0.3859375 0.0140625 0.03359375
1 0.84375 0.35 0.015234375 0.028125
1 0.675 0.37734375 0.015625 0.0359375
1 0.37421875 0.3546875 0.0296875 0.03125
4 0.9953125 0.45 0.009375 0.037109375
1 0.80859375 0.40625 0.020703125 0.028125