5 0.43828125 0.04453125 0.014453125 0.0203125
5 0.16875 0.25078125 0.01171875 0.025
5 0.55703125 0.27421875 0.0125 0.01875
5 0.7828125 0.62890625 0.01484375 0.025
5 0.71484375 0.6203125 0.0125 0.01875
5 0.5390625 0.5828125 0.012890625 0.021875
5 0.28828125 0.1859375 0.016796875 0.01640625
5 0.5859375 0.58046875 0.009375 0.023828125
5 0.61640625 0.478125 0.010546875 0.01953125
5 0.66796875 0.33359375 0.008203125 0.026953125
5 0.4203125 0.3109375 0.012890625 0.02265625
5 0.29609375 0.2921875 0.010546875 0.021875
5 0.4859375 0.5203125 0.012890625 0.022265625
5 0.315625 0.346875 0.01171875 0.01953125