2 0.65234375 0.58125 0.013671875 0.03046875
2 0.83046875 0.7609375 0.0203125 0.030859375
2 0.6046875 0.0921875 0.015234375 0.027734375
2 0.55390625 0.28359375 0.011328125 0.0234375
2 0.5953125 0.39375 0.015625 0.030859375
2 0.50859375 0.1046875 0.016796875 0.030859375
2 0.4890625 0.0328125 0.01484375 0.024609375
2 0.8703125 0.81484375 0.016015625 0.030078125
2 0.67421875 0.26796875 0.013671875 0.025
2 0.784375 0.76640625 0.012109375 0.026953125
2 0.7765625 0.57734375 0.0125 0.0296875
2 0.79296875 0.9890625 0.0125 0.021875
2 0.72421875 0.83828125 0.013671875 0.0265625
2 0.7234375 0.4125 0.012109375 0.019140625
2 0.9 0.9484375 0.012109375 0.022265625
2 0.7390625 0.98359375 0.015234375 0.0203125