1 0.953125 0.825 0.0265625 0.046875
1 0.71796875 0.82109375 0.0265625 0.0265625
1 0.7890625 0.76640625 0.02734375 0.03125
1 0.403125 0.7078125 0.01328125 0.0421875
1 0.90234375 0.9109375 0.02578125 0.02109375
1 0.878125 0.81484375 0.0171875 0.0375
1 0.234375 0.67265625 0.015625 0.03203125
1 0.709375 0.7359375 0.0140625 0.0359375
1 0.5734375 0.8171875 0.02265625 0.01875
1 0.0421875 0.63359375 0.0171875 0.03828125
1 0.17421875 0.725 0.01796875 0.0484375
1 0.296875 0.76328125 0.015625 0.0171875
1 0.15078125 0.66328125 0.0140625 0.0265625
1 0.575 0.72421875 0.01484375 0.034375