1 0.73515625 0.153125 0.021875 0.01875
1 0.03046875 0.07734375 0.02421875 0.028125
1 0.33046875 0.12578125 0.01328125 0.04140625
1 0.0421875 0.153125 0.01484375 0.0390625
1 0.93046875 0.140625 0.02890625 0.01953125
1 0.89921875 0.07265625 0.01953125 0.02890625
1 0.7203125 0.08125 0.0109375 0.0265625
1 0.77421875 0.16484375 0.01875 0.02734375
1 0.4921875 0.13046875 0.01640625 0.028125
1 0.16328125 0.0578125 0.02421875 0.02109375
1 0.1671875 0.14140625 0.0125 0.025
1 0.54765625 0.0703125 0.015625 0.04765625
1 0.68046875 0.13671875 0.01796875 0.034375
1 0.81640625 0.07578125 0.0171875 0.03515625
1 0.57421875 0.1265625 0.01328125 0.0265625
1 0.428125 0.06015625 0.01328125 0.0171875