2 0.56484375 0.76796875 0.0109375 0.0203125
2 0.453125 0.821875 0.0109375 0.0203125
2 0.42421875 0.92421875 0.0109375 0.0234375
2 0.48046875 0.47265625 0.01328125 0.0203125
2 0.51796875 0.5234375 0.0109375 0.02109375
2 0.584375 0.3546875 0.0125 0.02265625
2 0.64296875 0.29375 0.01328125 0.02109375
2 0.50546875 0.25703125 0.0125 0.028125
2 0.61171875 0.1546875 0.0078125 0.0234375
2 0.73828125 0.15546875 0.0140625 0.021875
2 0.63828125 0.04765625 0.0109375 0.02578125
2 0.50546875 0.01875 0.01640625 0.0234375