1 0.2703125 0.675 0.01875 0.015625
1 0.2671875 0.3328125 0.01875 0.02265625
1 0.321875 0.734375 0.016015625 0.025
1 0.2515625 0.60078125 0.01875 0.01875
4 0.49375 0.58125 0.012890625 0.03125
1 0.4171875 0.5203125 0.018359375 0.022265625
1 0.28671875 0.57421875 0.015625 0.028125
4 0.665625 0.47265625 0.012890625 0.0296875
1 0.38359375 0.5328125 0.011328125 0.03359375
1 0.496875 0.50625 0.01875 0.024609375
4 0.528125 0.5546875 0.0125 0.025
1 0.1171875 0.5421875 0.024609375 0.028125
4 0.7125 0.33515625 0.012890625 0.029296875
4 0.67734375 0.540625 0.0140625 0.03046875
4 0.4671875 0.5234375 0.0125 0.03359375
4 0.70234375 0.4421875 0.013671875 0.03125
4 0.7859375 0.29921875 0.012890625 0.030078125