5 0.121875 0.4859375 0.015234375 0.025
5 0.34375 0.82734375 0.009765625 0.016796875
5 0.72421875 0.840625 0.011328125 0.022265625
5 0.28359375 0.62734375 0.009375 0.020703125
5 0.47734375 0.7859375 0.011328125 0.022265625
5 0.415625 0.58125 0.012890625 0.021484375
5 0.18828125 0.490625 0.013671875 0.018359375
5 0.44921875 0.03046875 0.026953125 0.041796875
5 0.57890625 0.75 0.009375 0.021875
5 0.6 0.80234375 0.009765625 0.021875
5 0.6078125 0.90703125 0.015234375 0.015625
5 0.36015625 0.5234375 0.013671875 0.021484375
5 0.3140625 0.52734375 0.00859375 0.020703125
5 0.23359375 0.76875 0.008203125 0.02578125