5 0.4578125 0.14453125 0.01171875 0.0109375
5 0.39453125 0.89375 0.009375 0.0140625
5 0.6578125 0.18359375 0.01171875 0.01953125
5 0.2671875 0.6328125 0.0078125 0.0203125
5 0.5421875 0.0140625 0.009375 0.015625
5 0.46953125 0.1859375 0.0109375 0.01796875
5 0.22890625 0.946875 0.01015625 0.021875
5 0.71484375 0.23359375 0.01015625 0.02109375
5 0.5546875 0.41328125 0.00859375 0.021875
5 0.50703125 0.68984375 0.0109375 0.01953125
5 0.39921875 0.50234375 0.01015625 0.01640625
5 0.725 0.43515625 0.0125 0.01796875
5 0.69921875 0.853125 0.009375 0.02578125
5 0.696875 0.66875 0.01015625 0.02109375