1 0.06328125 0.43046875 0.019921875 0.025
1 0.14375 0.44453125 0.018359375 0.0234375
1 0.02890625 0.41875 0.0140625 0.034375
4 0.34375 0.50703125 0.012890625 0.032421875
4 0.3171875 0.4140625 0.012890625 0.03515625
4 0.30703125 0.478125 0.0140625 0.03125
4 0.35234375 0.61328125 0.0125 0.03125
4 0.11328125 0.42578125 0.013671875 0.032421875
4 0.13984375 0.371875 0.013671875 0.028515625
4 0.0953125 0.24296875 0.015234375 0.035546875
4 0.42578125 0.646875 0.0125 0.03203125
4 0.1734375 0.3953125 0.012890625 0.031640625