0 0.259375 0.7984375 0.022265625 0.046484375
0 0.0546875 0.92578125 0.028515625 0.032421875
0 0.65390625 0.77890625 0.010546875 0.023828125
0 0.36171875 0.21015625 0.029296875 0.019921875
0 0.3890625 0.43828125 0.024609375 0.04375
0 0.13984375 0.5859375 0.030078125 0.028515625
0 0.628125 0.47109375 0.018359375 0.0265625
0 0.675 0.9296875 0.019140625 0.021484375
0 0.54921875 0.30546875 0.013671875 0.0390625
0 0.44765625 0.97890625 0.0109375 0.0421875
0 0.20703125 0.4265625 0.010546875 0.015625
0 0.0078125 0.72265625 0.015625 0.0359375