5 0.55625 0.72421875 0.009765625 0.0234375
5 0.684375 0.55546875 0.01171875 0.016796875
5 0.69375 0.9140625 0.0125 0.016015625
5 0.503125 0.99140625 0.0125 0.015625
5 0.7625 0.0546875 0.01171875 0.022265625
5 0.78125 0.36171875 0.00625 0.0203125
5 0.67421875 0.884375 0.010546875 0.021484375
5 0.34765625 0.40859375 0.010546875 0.023046875
5 0.3515625 0.19296875 0.012109375 0.0171875
5 0.61875 0.1984375 0.008984375 0.0125
5 0.4421875 0.978125 0.0125 0.021484375
5 0.39765625 0.80078125 0.0125 0.0140625
5 0.5515625 0.44609375 0.01015625 0.025
5 0.38203125 0.5734375 0.010546875 0.018359375