1 0.36484375 0.76640625 0.01171875 0.03671875
1 0.4046875 0.88203125 0.01328125 0.04453125
1 0.63046875 0.91171875 0.01328125 0.0390625
1 0.45078125 0.9265625 0.01171875 0.0421875
1 0.47109375 0.853125 0.01953125 0.0359375
4 0.3875 0.50390625 0.0171875 0.01796875
1 0.5140625 0.5796875 0.015625 0.034375
4 0.4796875 0.43203125 0.0203125 0.01796875
4 0.55703125 0.065625 0.021875 0.02890625
1 0.5296875 0.41171875 0.01796875 0.03515625
4 0.51484375 0.475 0.02109375 0.02578125
4 0.49140625 0.36875 0.0203125 0.025
1 0.5046875 0.65 0.021875 0.025
4 0.51015625 0.01953125 0.02109375 0.025