5 0.7625 0.36953125 0.015625 0.020703125
5 0.703125 0.4046875 0.01328125 0.016015625
5 0.70078125 0.68046875 0.010546875 0.025
5 0.60859375 0.78359375 0.0109375 0.019921875
5 0.55234375 0.51015625 0.013671875 0.017578125
5 0.37109375 0.8765625 0.010546875 0.02265625
5 0.59375 0.49296875 0.009765625 0.0234375
5 0.5109375 0.58671875 0.009765625 0.023828125
5 0.48046875 0.8046875 0.010546875 0.021875
5 0.3828125 0.81796875 0.01015625 0.017578125
5 0.26171875 0.96796875 0.009375 0.023828125
5 0.378125 0.9765625 0.015234375 0.02109375
5 0.6359375 0.5703125 0.009765625 0.022265625