0 0.66015625 0.5890625 0.009375 0.025
0 0.63515625 0.28125 0.016796875 0.02421875
0 0.05390625 0.73125 0.029296875 0.031640625
0 0.68046875 0.73984375 0.019921875 0.01875
0 0.365625 0.01875 0.027734375 0.016015625
0 0.55546875 0.1140625 0.011328125 0.037890625
0 0.259375 0.60703125 0.021484375 0.045703125
0 0.39375 0.24453125 0.022265625 0.045703125
0 0.14296875 0.390625 0.030078125 0.030859375
0 0.21015625 0.23515625 0.0078125 0.015625
0 0.5015625 0.8796875 0.012109375 0.01640625
0 0.17578125 0.9671875 0.014453125 0.012109375
0 0.0078125 0.528125 0.015625 0.031640625
0 0.45 0.7890625 0.01171875 0.04765625