1 0.42578125 0.675 0.01796875 0.02890625
1 0.48359375 0.6078125 0.02109375 0.02109375
1 0.465625 0.5 0.01640625 0.034375
1 0.48828125 0.234375 0.0203125 0.025
1 0.50390625 0.5296875 0.02265625 0.0203125
1 0.3203125 0.4375 0.01953125 0.0296875
4 0.23359375 0.50078125 0.0140625 0.03359375
4 0.0453125 0.378125 0.0140625 0.034375
1 0.23125 0.4203125 0.0203125 0.0265625
1 0.6546875 0.465625 0.028125 0.02890625
1 0.359375 0.4515625 0.0140625 0.034375
4 0.028125 0.4546875 0.01640625 0.0375
4 0.19609375 0.47421875 0.01484375 0.03203125
4 0.265625 0.43984375 0.01328125 0.03046875
4 0.28515625 0.64765625 0.01171875 0.03125