1 0.60703125 0.340625 0.021875 0.01953125
1 0.62421875 0.265625 0.0234375 0.01875
1 0.55234375 0.40546875 0.0171875 0.02734375
1 0.5890625 0.2375 0.01796875 0.0328125
1 0.7671875 0.20390625 0.02734375 0.02578125
4 0.41953125 0.3796875 0.01484375 0.03203125
4 0.19296875 0.125 0.01796875 0.03515625
1 0.45234375 0.17890625 0.0203125 0.02421875
4 0.18125 0.19609375 0.015625 0.03359375
1 0.3671875 0.16328125 0.01875 0.02578125
1 0.4875 0.1921875 0.01328125 0.0359375
4 0.4 0.1796875 0.015625 0.03671875
4 0.3703125 0.2421875 0.01328125 0.03671875
4 0.334375 0.21484375 0.01484375 0.03671875
4 0.14921875 0.090625 0.01640625 0.04140625