5 0.11875 0.3640625 0.0140625 0.01875
5 0.76796875 0.46875 0.01484375 0.01953125
5 0.63359375 0.19609375 0.0125 0.01484375
5 0.14453125 0.490625 0.0109375 0.02421875
5 0.87421875 0.115625 0.01171875 0.01796875
5 0.790625 0.35390625 0.0109375 0.0234375
5 0.26875 0.47109375 0.0078125 0.02109375
5 0.503125 0.49765625 0.009375 0.0203125
5 0.7578125 0.00859375 0.015625 0.0171875
5 0.3953125 0.52578125 0.0140625 0.01484375
5 0.64609375 0.51640625 0.01015625 0.02421875
5 0.46171875 0.1515625 0.0125 0.0203125