2 0.53359375 0.45859375 0.01171875 0.02109375
2 0.115625 0.62109375 0.01171875 0.02578125
2 0.39765625 0.56171875 0.01328125 0.02265625
2 0.26015625 0.35859375 0.0125 0.028125
2 0.37109375 0.63203125 0.01328125 0.0265625
2 0.76953125 0.34609375 0.01328125 0.025
2 0.62890625 0.69609375 0.01171875 0.0234375
2 0.1765625 0.2046875 0.01328125 0.02734375
2 0.246875 0.60390625 0.01328125 0.0234375
2 0.675 0.4421875 0.01171875 0.0234375
2 0.79140625 0.56171875 0.0109375 0.0234375
2 0.12421875 0.38828125 0.0140625 0.0234375
2 0.29765625 0.45625 0.0140625 0.02734375
2 0.1859375 0.4234375 0.015625 0.01484375
2 0.56953125 0.6515625 0.01328125 0.02109375
2 0.8984375 0.7296875 0.0125 0.02421875
2 0.9015625 0.23203125 0.01171875 0.0203125