4 0.52421875 0.3671875 0.0171875 0.02578125
1 0.34765625 0.05546875 0.0140625 0.03203125
1 0.50625 0.27578125 0.0109375 0.034375
1 0.49609375 0.01640625 0.01328125 0.0328125
4 0.553125 0.85 0.01953125 0.02734375
1 0.50234375 0.20703125 0.0171875 0.028125
4 0.55703125 0.77109375 0.01875 0.03203125
4 0.60078125 0.7640625 0.01875 0.028125
1 0.6015625 0.0296875 0.01328125 0.03359375
4 0.56640625 0.4 0.0171875 0.02578125
4 0.48359375 0.8984375 0.0171875 0.028125
1 0.52421875 0.43046875 0.01171875 0.03671875
4 0.55234375 0.478125 0.0171875 0.02421875