1 0.57421875 0.325 0.017578125 0.028515625
1 0.51640625 0.3921875 0.020703125 0.021484375
1 0.534375 0.5 0.016015625 0.034375
1 0.51171875 0.765625 0.0203125 0.025
1 0.49609375 0.4703125 0.023046875 0.02109375
1 0.6796875 0.5625 0.019140625 0.03046875
4 0.76640625 0.49921875 0.0140625 0.033203125
4 0.9546875 0.621875 0.01484375 0.034375
1 0.76875 0.5796875 0.01953125 0.02734375
1 0.3453125 0.534375 0.028125 0.028515625
1 0.640625 0.5484375 0.01328125 0.034375
4 0.971875 0.5453125 0.016015625 0.0375
4 0.80390625 0.52578125 0.014453125 0.032421875
4 0.734375 0.56015625 0.012890625 0.030078125
4 0.71484375 0.35234375 0.011328125 0.03125