5 0.0609375 0.7640625 0.012109375 0.03125
5 0.20859375 0.265625 0.016796875 0.021484375
5 0.071875 0.45625 0.009765625 0.021875
5 0.11015625 0.23828125 0.0125 0.020703125
5 0.265625 0.77109375 0.012890625 0.029296875
5 0.01796875 0.278125 0.013671875 0.028515625
5 0.27265625 0.70625 0.0125 0.01796875
5 0.17421875 0.20859375 0.013671875 0.0234375
5 0.09921875 0.021875 0.0140625 0.01796875
5 0.3390625 0.9578125 0.012109375 0.02265625
5 0.22421875 0.37578125 0.0125 0.0296875
5 0.2265625 0.85234375 0.0125 0.028125
5 0.1828125 0.59921875 0.01015625 0.0265625