5 0.79140625 0.36171875 0.01328125 0.0140625
5 0.759375 0.9609375 0.0109375 0.02109375
5 0.66171875 0.1390625 0.0140625 0.01796875
5 0.76953125 0.759375 0.01171875 0.02109375
5 0.734375 0.91953125 0.01328125 0.0171875
5 0.6546875 0.4515625 0.01328125 0.015625
5 0.66875 0.6234375 0.0109375 0.02109375
5 0.90703125 0.76640625 0.009375 0.0265625
5 0.71328125 0.4203125 0.01171875 0.015625
5 0.64609375 0.52421875 0.01171875 0.01953125
5 0.80703125 0.546875 0.00859375 0.01796875
5 0.81328125 0.9875 0.00703125 0.025
5 0.65625 0.24765625 0.0109375 0.0203125