2 0.240625 0.3078125 0.01328125 0.025
2 0.36484375 0.56875 0.01171875 0.025
2 0.175 0.740625 0.0125 0.02734375
2 0.6453125 0.775 0.01171875 0.0203125
2 0.60546875 0.571875 0.01015625 0.0203125
2 0.3265625 0.4671875 0.01328125 0.0265625
2 0.75703125 0.55625 0.01171875 0.025
2 0.46640625 0.6765625 0.01328125 0.02109375
2 0.1859375 0.49765625 0.01328125 0.021875
2 0.4390625 0.75078125 0.01484375 0.02734375
2 0.70703125 0.81875 0.01328125 0.025
2 0.2484375 0.53515625 0.0125 0.0203125
2 0.31171875 0.7203125 0.01484375 0.028125
2 0.87421875 0.6796875 0.0140625 0.0265625
2 0.98671875 0.85703125 0.01328125 0.025
2 0.85078125 0.4578125 0.01328125 0.02265625
2 0.9890625 0.33984375 0.01484375 0.0234375