1 0.2703125 0.325 0.01875 0.015625
1 0.2671875 0.6671875 0.01875 0.02265625
1 0.321875 0.265625 0.016015625 0.025
1 0.2515625 0.39921875 0.01875 0.01875
4 0.49375 0.41875 0.012890625 0.03125
1 0.4171875 0.4796875 0.018359375 0.022265625
1 0.28671875 0.42578125 0.015625 0.028125
4 0.665625 0.52734375 0.012890625 0.0296875
1 0.38359375 0.4671875 0.011328125 0.03359375
1 0.496875 0.49375 0.01875 0.024609375
4 0.528125 0.4453125 0.0125 0.025
1 0.1171875 0.4578125 0.024609375 0.028125
4 0.7125 0.66484375 0.012890625 0.029296875
4 0.67734375 0.459375 0.0140625 0.03046875
4 0.4671875 0.4765625 0.0125 0.03359375
4 0.70234375 0.5578125 0.013671875 0.03125
4 0.7859375 0.70078125 0.012890625 0.030078125