2 0.31953125 0.67734375 0.015625 0.029296875
2 0.359375 0.56875 0.0125 0.027734375
2 0.60703125 0.55859375 0.011328125 0.021875
2 0.16328125 0.40078125 0.013671875 0.028125
2 0.884375 0.4359375 0.012109375 0.024609375
2 0.23359375 0.84453125 0.0125 0.026171875
2 0.23984375 0.61015625 0.013671875 0.0203125
2 0.7640625 0.5671875 0.012109375 0.028125
2 0.46328125 0.45546875 0.0125 0.0234375
2 0.86015625 0.6671875 0.013671875 0.02734375
2 0.30390625 0.415625 0.0140625 0.025
2 0.43515625 0.38046875 0.013671875 0.026171875
2 0.17421875 0.65234375 0.013671875 0.023046875
2 0.64765625 0.34765625 0.013671875 0.01875
2 0.7109375 0.29921875 0.01484375 0.023046875