1 0.70625 0.75859375 0.022265625 0.020703125
1 0.4453125 0.596875 0.019140625 0.034375
1 0.36796875 0.82109375 0.020703125 0.0265625
1 0.87109375 0.784375 0.020703125 0.04296875
1 0.8953125 0.58203125 0.012890625 0.041796875
1 0.60390625 0.8921875 0.0140625 0.037890625
1 0.21171875 0.85390625 0.023046875 0.0203125
1 0.51015625 0.8546875 0.016796875 0.040234375
1 0.4453125 0.8828125 0.01640625 0.040234375
1 0.5671875 0.56640625 0.01484375 0.0375
1 0.99296875 0.75859375 0.0140625 0.040625
1 0.99453125 0.378125 0.0109375 0.025390625
1 0.55078125 0.73203125 0.0125 0.041796875
1 0.25 0.40859375 0.015625 0.0171875