1 0.48125 0.32578125 0.021875 0.023828125
1 0.4 0.175 0.01953125 0.03125
1 0.4578125 0.2421875 0.021875 0.021484375
1 0.44375 0.35390625 0.016015625 0.03125
1 0.29609375 0.41796875 0.01875 0.028125
4 0.21015625 0.34765625 0.014453125 0.034375
4 0.23984375 0.4125 0.0140625 0.034375
1 0.33515625 0.40234375 0.013671875 0.0375
1 0.46484375 0.61875 0.023046875 0.02421875
4 0.26171875 0.1953125 0.0125 0.03515625
4 0.17109375 0.38046875 0.013671875 0.030078125
4 0.0046875 0.39921875 0.008984375 0.044921875
1 0.2046875 0.43359375 0.021484375 0.0296875
4 0.01796875 0.478125 0.0171875 0.03671875
1 0.63046875 0.3859375 0.026171875 0.03125