5 0.3984375 0.59609375 0.015625 0.014453125
5 0.26484375 0.7140625 0.0125 0.01640625
5 0.34296875 0.6390625 0.011328125 0.0125
5 0.2671875 0.30390625 0.0125 0.020703125
5 0.23984375 0.52578125 0.008203125 0.023046875
5 0.265625 0.096875 0.012109375 0.019140625
5 0.29375 0.134375 0.009765625 0.01796875
5 0.37578125 0.42578125 0.0109375 0.021875
5 0.41015625 0.91640625 0.014453125 0.021875
5 0.4046875 0.51953125 0.0125 0.025
5 0.209375 0.078125 0.009765625 0.028125
5 0.12578125 0.321875 0.0109375 0.024609375
5 0.015625 0.14453125 0.009765625 0.0234375
5 0.41015625 0.80546875 0.0109375 0.0234375