5 0.80859375 0.2921875 0.01171875 0.021875
5 0.72109375 0.25234375 0.0125 0.015625
5 0.7328125 0.0484375 0.0125 0.01640625
5 0.6296875 0.278125 0.01171875 0.01640625
5 0.60859375 0.84375 0.01171875 0.02578125
5 0.565625 0.70234375 0.0109375 0.0109375
5 0.7578125 0.4640625 0.009375 0.01796875
5 0.7671875 0.759375 0.0109375 0.02421875
5 0.503125 0.94453125 0.00859375 0.0234375
5 0.66171875 0.22421875 0.01171875 0.01875
5 0.6140625 0.3859375 0.0078125 0.025
5 0.65078125 0.6 0.0078125 0.02265625
5 0.57265625 0.7640625 0.009375 0.0234375