2 0.14609375 0.77734375 0.02109375 0.03125
2 0.38671875 0.39375 0.0140625 0.03046875
2 0.3734375 0.08515625 0.01328125 0.028125
2 0.471875 0.096875 0.0140625 0.02734375
2 0.10625 0.8328125 0.0171875 0.02890625
2 0.4921875 0.0234375 0.01484375 0.02109375
2 0.303125 0.2671875 0.01484375 0.02265625
2 0.3265625 0.59140625 0.0125 0.03046875
2 0.19296875 0.7828125 0.01328125 0.0265625
2 0.25546875 0.85390625 0.01328125 0.02734375
2 0.42578125 0.278125 0.0125 0.025
2 0.253125 0.41796875 0.01171875 0.0265625
2 0.2 0.5890625 0.01328125 0.03203125
2 0.075 0.9703125 0.01015625 0.025