2 0.690625 0.290625 0.018359375 0.027734375
2 0.446875 0.59296875 0.015234375 0.029296875
2 0.51328125 0.42578125 0.013671875 0.0296875
2 0.3453125 0.853125 0.01484375 0.025390625
2 0.321875 0.91875 0.015625 0.02421875
2 0.76953125 0.1234375 0.010546875 0.024609375
2 0.4359375 0.88359375 0.01484375 0.023046875
2 0.646875 0.27421875 0.0125 0.0234375
2 0.3953125 0.9890625 0.01484375 0.021484375
2 0.6296875 0.453125 0.012890625 0.03046875
2 0.81953125 0.034375 0.014453125 0.02578125
2 0.5140625 0.72890625 0.015234375 0.028125
2 0.4015625 0.69296875 0.012109375 0.021875
2 0.73203125 0.246875 0.014453125 0.027734375
2 0.66875 0.0625 0.012109375 0.021875
2 0.59609375 0.19453125 0.011328125 0.0265625
2 0.353125 0.96328125 0.0125 0.025
2 0.56953125 0.59921875 0.010546875 0.023828125
2 0.61875 0.059375 0.015625 0.01796875