1 0.471875 0.64375 0.02421875 0.01953125
1 0.41484375 0.71015625 0.025 0.0296875
1 0.45546875 0.534375 0.015625 0.03125
1 0.4953125 0.5609375 0.02265625 0.0234375
1 0.47734375 0.26484375 0.021875 0.0234375
1 0.30703125 0.46796875 0.01875 0.0265625
4 0.0265625 0.41171875 0.015625 0.0359375
4 0.2203125 0.5375 0.0140625 0.03125
1 0.346875 0.4828125 0.01484375 0.03828125
4 0.00859375 0.48515625 0.01640625 0.0390625
1 0.64453125 0.50078125 0.03125 0.0296875
1 0.21796875 0.45078125 0.021875 0.0296875
4 0.18046875 0.50625 0.0140625 0.03203125
4 0.25078125 0.47109375 0.0140625 0.0359375
4 0.26953125 0.68203125 0.0171875 0.04609375