5 0.29609375 0.89296875 0.0109375 0.021875
5 0.7546875 0.53046875 0.009765625 0.020703125
5 0.2453125 0.60390625 0.01015625 0.01875
5 0.35546875 0.08828125 0.008203125 0.025
5 0.50234375 0.95625 0.0109375 0.01953125
5 0.65703125 0.66171875 0.0125 0.0203125
5 0.7265625 0.4046875 0.009375 0.02265625
5 0.10859375 0.90625 0.008203125 0.02421875
5 0.5875 0.85 0.015234375 0.022265625
5 0.40078125 0.6546875 0.008203125 0.025
5 0.43046875 0.37265625 0.010546875 0.0203125
5 0.2296875 0.32890625 0.009765625 0.023046875
5 0.1359375 0.9015625 0.009375 0.021875