5 0.21640625 0.99140625 0.011328125 0.0171875
5 0.49296875 0.24609375 0.0109375 0.01875
5 0.48125 0.203125 0.0125 0.0125
5 0.5703125 0.4875 0.009375 0.02578125
5 0.38671875 0.9609375 0.011328125 0.015625
5 0.57265625 0.07890625 0.011328125 0.01875
5 0.40859375 0.56171875 0.011328125 0.014453125
5 0.68515625 0.26875 0.0109375 0.01875
5 0.509375 0.76953125 0.015234375 0.01875
5 0.74140625 0.328125 0.0125 0.02421875
5 0.70859375 0.771875 0.0109375 0.01796875
5 0.26796875 0.67734375 0.008203125 0.0234375
5 0.70078125 0.959375 0.011328125 0.028515625
5 0.74296875 0.5359375 0.014453125 0.019140625