1 0.4390625 0.44921875 0.021484375 0.01875
1 0.3 0.3640625 0.016015625 0.02890625
4 0.46015625 0.6109375 0.017578125 0.018359375
1 0.45234375 0.5140625 0.015625 0.030859375
4 0.43125 0.67109375 0.01875 0.0171875
1 0.3921875 0.2640625 0.01875 0.025390625
4 0.53359375 0.98515625 0.01875 0.01875
1 0.4765625 0.66796875 0.016015625 0.030078125
1 0.5421875 0.17734375 0.012109375 0.033203125
4 0.46328125 0.73046875 0.0171875 0.015625
1 0.328125 0.25 0.01171875 0.037890625
1 0.36953125 0.19765625 0.010546875 0.036328125
4 0.34296875 0.6109375 0.016796875 0.015234375