2 0.690625 0.8640625 0.0140625 0.01484375
2 0.084375 0.8484375 0.01875 0.01953125
2 0.159375 0.9484375 0.015625 0.02421875
2 0.671875 0.7796875 0.0171875 0.02421875
2 0.64609375 0.953125 0.02109375 0.01875
2 0.3625 0.81796875 0.01328125 0.0203125
2 0.5921875 0.79921875 0.015625 0.01875
2 0.53203125 0.990625 0.0171875 0.01328125
2 0.46484375 0.803125 0.01640625 0.02578125
2 0.134375 0.87421875 0.021875 0.034375
2 0.25234375 0.84140625 0.01796875 0.03203125
2 0.453125 0.990625 0.0125 0.01875
2 0.69296875 0.94140625 0.01796875 0.03125