1 0.51796875 0.5578125 0.0171875 0.03359375
1 0.61015625 0.7140625 0.01328125 0.040625
1 0.55859375 0.6703125 0.01171875 0.04375
4 0.66484375 0.24453125 0.01953125 0.02265625
4 0.628125 0.2078125 0.01953125 0.02109375
1 0.6671875 0.353125 0.01484375 0.0328125
1 0.62890625 0.63671875 0.0203125 0.03359375
1 0.678125 0.1765625 0.0140625 0.03515625
1 0.79609375 0.68515625 0.01171875 0.040625
4 0.64296875 0.12734375 0.01875 0.0203125
4 0.53125 0.2875 0.0171875 0.0234375
1 0.6578125 0.42734375 0.02421875 0.01875