5 0.75703125 0.1109375 0.01171875 0.0234375
5 0.36015625 0.36953125 0.01484375 0.01640625
5 0.26328125 0.05 0.0109375 0.021875
5 0.53046875 0.01875 0.01328125 0.0171875
5 0.25859375 0.321875 0.0125 0.0234375
5 0.3703125 0.1 0.01171875 0.01796875
5 0.69609375 0.43359375 0.01328125 0.01953125
5 0.47109375 0.25546875 0.01328125 0.01875
5 0.14296875 0.2375 0.0109375 0.021875
5 0.2609375 0.21171875 0.009375 0.02109375
5 0.08515625 0.18359375 0.00859375 0.03046875
5 0.296875 0.36640625 0.01171875 0.02109375
5 0.6140625 0.2734375 0.01484375 0.0171875
5 0.57890625 0.35390625 0.0125 0.0171875
5 0.546875 0.38046875 0.0078125 0.01953125