2 0.97265625 0.6265625 0.01640625 0.01875
2 0.11796875 0.36875 0.0140625 0.0171875
2 0.55859375 0.96953125 0.01640625 0.02734375
2 0.790625 0.66796875 0.01640625 0.02109375
2 0.05703125 0.284375 0.01640625 0.01796875
2 0.2359375 0.478125 0.0171875 0.0265625
2 0.665625 0.715625 0.015625 0.02578125
2 0.49921875 0.63203125 0.015625 0.0203125
2 0.15 0.6125 0.01875 0.0203125
2 0.28046875 0.728125 0.01640625 0.025
2 0.5 0.88359375 0.01640625 0.02109375
2 0.3265625 0.66328125 0.01640625 0.0203125
2 0.1546875 0.11171875 0.01484375 0.025
2 0.215625 0.34140625 0.01640625 0.025
2 0.00390625 0.54296875 0.0078125 0.01484375
2 0.7703125 0.92578125 0.01640625 0.02734375