1 0.82109375 0.23046875 0.0265625 0.020703125
1 0.66484375 0.36875 0.0234375 0.021484375
1 0.63515625 0.6421875 0.025 0.028515625
1 0.0390625 0.84375 0.03125 0.040234375
1 0.16484375 0.73125 0.026171875 0.034765625
1 0.5171875 0.75546875 0.01640625 0.040625
1 0.878125 0.71171875 0.016015625 0.021875
1 0.3359375 0.653125 0.021484375 0.01953125
1 0.57421875 0.3546875 0.020703125 0.031640625
1 0.5140625 0.42578125 0.01875 0.030078125
1 0.4984375 0.5734375 0.009765625 0.046484375
1 0.41796875 0.44765625 0.0140625 0.035546875
1 0.809375 0.0625 0.022265625 0.025390625
1 0.175 0.9609375 0.01328125 0.046875