3 0.05859375 0.44140625 0.01796875 0.02578125
3 0.38515625 0.53515625 0.0171875 0.02734375
4 0.70703125 0.67890625 0.0109375 0.0234375
4 0.8203125 0.8421875 0.01875 0.03203125
4 0.58515625 0.80390625 0.01328125 0.0375
4 0.65859375 0.70078125 0.01875 0.01875
4 0.47578125 0.65078125 0.01484375 0.03359375
3 0.20078125 0.45859375 0.015625 0.0234375
3 0.4515625 0.31640625 0.0203125 0.03046875
3 0.2453125 0.2203125 0.01171875 0.0234375
3 0.10546875 0.04375 0.0140625 0.0234375
3 0.03046875 0.10546875 0.01484375 0.0265625
4 0.07109375 0.20234375 0.0203125 0.02109375