1 0.88203125 0.36796875 0.02265625 0.0203125
1 0.80859375 0.50703125 0.01640625 0.02734375
1 0.8640625 0.44296875 0.02578125 0.0203125
1 0.84453125 0.3375 0.01640625 0.03125
1 0.865625 0.0859375 0.01796875 0.0171875
4 0.4078125 0.1984375 0.01171875 0.03046875
4 0.62734375 0.34453125 0.01171875 0.03203125
1 0.70859375 0.2828125 0.01875 0.0265625
4 0.590625 0.31953125 0.0125 0.02734375
1 0.74453125 0.29453125 0.0140625 0.03203125
1 0.62265625 0.2671875 0.01796875 0.025
4 0.65546875 0.28671875 0.0125 0.0328125
4 0.45 0.23046875 0.0125 0.03515625
4 0.4390625 0.3 0.01171875 0.03515625
4 0.3203125 0.046875 0.0125 0.03515625
4 0.39921875 0.08203125 0.0125 0.03359375