2 0.31796875 0.52890625 0.0171875 0.020703125
2 0.471875 0.50390625 0.015625 0.019921875
2 0.16640625 0.378125 0.017578125 0.021875
2 0.5015625 0.95859375 0.01484375 0.026953125
2 0.04765625 0.1421875 0.0140625 0.02265625
2 0.6296875 0.425 0.01875 0.01953125
2 0.66796875 0.9359375 0.0125 0.015625
2 0.6890625 0.7609375 0.0125 0.016015625
2 0.26171875 0.20546875 0.014453125 0.021875
2 0.03671875 0.0390625 0.01875 0.021484375
2 0.3375 0.21484375 0.015234375 0.021875
2 0.38984375 0.71328125 0.013671875 0.0234375