1 0.48203125 0.1703125 0.0140625 0.043359375
1 0.4328125 0.12734375 0.01015625 0.0390625
1 0.521875 0.2796875 0.01328125 0.031640625
4 0.41640625 0.61875 0.019921875 0.01875
1 0.378125 0.478125 0.015234375 0.03203125
1 0.3671875 0.65078125 0.015625 0.032421875
4 0.34453125 0.9921875 0.021875 0.015625
1 0.41640625 0.2 0.016796875 0.034765625
4 0.4015625 0.69765625 0.01875 0.0171875
1 0.38671875 0.40703125 0.0203125 0.021875
4 0.50859375 0.5453125 0.016796875 0.01875
1 0.2515625 0.15625 0.012109375 0.03828125
4 0.38046875 0.5828125 0.017578125 0.02109375