4 0.49609375 0.17265625 0.0171875 0.0203125
1 0.45703125 0.21875 0.015625 0.037109375
4 0.5078125 0.2375 0.019140625 0.01953125
4 0.471875 0.2859375 0.01875 0.02109375
1 0.471875 0.39140625 0.015234375 0.034375
1 0.4828125 0.465625 0.022265625 0.027734375
4 0.60390625 0.3140625 0.019921875 0.021875
1 0.62578125 0.58125 0.0109375 0.03671875
1 0.5859375 0.69921875 0.009765625 0.045703125
1 0.5375 0.74296875 0.012890625 0.042578125
1 0.5171875 0.66953125 0.019140625 0.0296875
1 0.35234375 0.7296875 0.010546875 0.0375