5 0.26875 0.95390625 0.0171875 0.02109375
5 0.43359375 0.05703125 0.0140625 0.01796875
5 0.51796875 0.33828125 0.0125 0.025
5 0.39375 0.15546875 0.0109375 0.02734375
5 0.278125 0.6234375 0.01640625 0.025
5 0.459375 0.64609375 0.0140625 0.02109375
5 0.61328125 0.19609375 0.0125 0.02421875
5 0.15 0.6546875 0.01171875 0.025
5 0.378125 0.40234375 0.0140625 0.02734375
5 0.26328125 0.51875 0.009375 0.02734375
5 0.4765625 0.02265625 0.01015625 0.02578125
5 0.415625 0.94375 0.0140625 0.02109375
5 0.27109375 0.45234375 0.01328125 0.0171875
5 0.5296875 0.09140625 0.01171875 0.0203125