5 0.9484375 0.97734375 0.01640625 0.0234375
5 0.77734375 0.08046875 0.0140625 0.021875
5 0.75546875 0.15234375 0.0140625 0.02109375
5 0.91796875 0.2640625 0.00859375 0.02421875
5 0.77109375 0.61171875 0.0140625 0.01796875
5 0.75234375 0.8890625 0.0140625 0.02890625
5 0.84296875 0.07578125 0.0125 0.01953125
5 0.78828125 0.66796875 0.01171875 0.03125
5 0.93515625 0.06328125 0.01484375 0.02578125
5 0.83828125 0.46015625 0.01171875 0.02734375
5 0.83984375 0.72734375 0.01171875 0.0328125
5 0.75859375 0.26953125 0.01171875 0.03125
5 0.98125 0.5515625 0.0109375 0.03203125