1 0.8703125 0.40546875 0.012890625 0.044921875
1 0.93984375 0.22265625 0.0234375 0.03125
1 0.584375 0.72890625 0.009375 0.040625
1 0.45 0.92421875 0.01953125 0.04375
1 0.65390625 0.71796875 0.026171875 0.041796875
1 0.65390625 0.63984375 0.0109375 0.028125
1 0.803125 0.37890625 0.012890625 0.0421875
1 0.790625 0.5109375 0.012890625 0.024609375
1 0.77734375 0.4328125 0.01875 0.037890625
1 0.9375 0.31484375 0.015234375 0.0359375
1 0.7390625 0.50859375 0.012109375 0.044921875
1 0.5578125 0.865625 0.0125 0.01953125