2 0.090625 0.28203125 0.01328125 0.02734375
2 0.81875 0.184375 0.01328125 0.02109375
2 0.21484375 0.4890625 0.0109375 0.0203125
2 0.4328125 0.640625 0.0125 0.021875
2 0.01484375 0.125 0.0140625 0.02421875
2 0.578125 0.321875 0.01328125 0.025
2 0.12265625 0.38125 0.0125 0.0265625
2 0.18515625 0.55625 0.01328125 0.025
2 0.68984375 0.70078125 0.0109375 0.021875
2 0.34765625 0.403125 0.0125 0.02265625
2 0.4875 0.40390625 0.01328125 0.02421875
2 0.5921875 0.52890625 0.01171875 0.02265625
2 0.80625 0.496875 0.01015625 0.02109375
2 0.3765625 0.59375 0.0109375 0.02109375
2 0.06796875 0.5140625 0.0125 0.02109375
2 0.71171875 0.22265625 0.0125 0.02109375
2 0.82734375 0.35390625 0.0125 0.01796875
2 0.01484375 0.33828125 0.0125 0.01640625