5 0.56171875 0.04453125 0.01484375 0.0203125
5 0.83125 0.25078125 0.0109375 0.025
5 0.44296875 0.27421875 0.0125 0.01875
5 0.2171875 0.62890625 0.0140625 0.025
5 0.28515625 0.6203125 0.0125 0.01875
5 0.4609375 0.5828125 0.01328125 0.021875
5 0.71171875 0.1859375 0.01640625 0.0171875
5 0.4140625 0.58046875 0.009375 0.02421875
5 0.38359375 0.478125 0.01015625 0.0203125
5 0.33203125 0.33359375 0.00859375 0.02734375
5 0.5796875 0.3109375 0.01328125 0.0234375
5 0.70390625 0.2921875 0.01015625 0.021875
5 0.5140625 0.5203125 0.01328125 0.02265625
5 0.684375 0.346875 0.0109375 0.0203125