5 0.4390625 0.903125 0.01484375 0.018359375
5 0.21953125 0.3265625 0.0109375 0.02109375
5 0.26875 0.615625 0.012890625 0.025
5 0.13515625 0.19296875 0.0109375 0.0234375
5 0.2125 0.1015625 0.012109375 0.01875
5 0.30625 0.0734375 0.012890625 0.015234375
5 0.3046875 0.88671875 0.015234375 0.019921875
5 0.3421875 0.1671875 0.009765625 0.022265625
5 0.559375 0.63359375 0.008984375 0.021875
5 0.4390625 0.5984375 0.01484375 0.021484375
5 0.4578125 0.5046875 0.00859375 0.022265625
5 0.4515625 0.44375 0.01015625 0.016015625
5 0.35 0.3921875 0.009375 0.02265625
5 0.26484375 0.040625 0.0109375 0.025390625