1 0.42265625 0.49609375 0.0171875 0.029296875
4 0.5078125 0.96953125 0.019140625 0.0171875
1 0.40859375 0.43203125 0.020703125 0.017578125
1 0.2671875 0.3515625 0.01640625 0.028125
4 0.4296875 0.5953125 0.018359375 0.016015625
4 0.4015625 0.65546875 0.019140625 0.016796875
4 0.4359375 0.7140625 0.01640625 0.016015625
1 0.29453125 0.2359375 0.0109375 0.040234375
4 0.46640625 0.9921875 0.01875 0.015234375
1 0.36015625 0.24765625 0.0203125 0.029296875
1 0.3359375 0.1828125 0.009765625 0.037890625
1 0.44765625 0.65234375 0.015625 0.030078125
1 0.51015625 0.1578125 0.010546875 0.034765625
4 0.31328125 0.596875 0.0171875 0.018359375