1 0.24375 0.746875 0.025390625 0.034375
1 0.3703125 0.83125 0.01640625 0.04296875
1 0.840625 0.8046875 0.03046875 0.040625
1 0.2828125 0.45078125 0.01875 0.034375
1 0.1953125 0.4859375 0.02265625 0.021875
1 0.03203125 0.21796875 0.021875 0.025
1 0.009375 0.87421875 0.01796875 0.023046875
1 0.71171875 0.72421875 0.023828125 0.0359375
1 0.0328125 0.38671875 0.027734375 0.019921875
1 0.71875 0.95234375 0.012890625 0.045703125
1 0.346875 0.5046875 0.018359375 0.034375
1 0.37734375 0.65 0.011328125 0.046875
1 0.53984375 0.68515625 0.019921875 0.020703125
1 0.934375 0.834375 0.021875 0.034375
1 0.44921875 0.503125 0.013671875 0.034765625