5 0.25546875 0.52890625 0.0125 0.015625
5 0.24609375 0.11640625 0.015625 0.0171875
5 0.6328125 0.946875 0.0125 0.01328125
5 0.33046875 0.94140625 0.011328125 0.023046875
5 0.5328125 0.04765625 0.015234375 0.0234375
5 0.2671875 0.15078125 0.0125 0.029296875
5 0.58203125 0.2546875 0.011328125 0.012890625
5 0.40234375 0.334375 0.009375 0.027734375
5 0.60078125 0.509375 0.014453125 0.01875
5 0.14453125 0.75234375 0.008203125 0.026171875
5 0.63671875 0.70078125 0.011328125 0.026953125
5 0.46328125 0.03046875 0.014453125 0.015625
5 0.40703125 0.65625 0.0125 0.025