1 0.4859375 0.434375 0.01640625 0.02890625
1 0.471875 0.50078125 0.02265625 0.0203125
4 0.49296875 0.33359375 0.01875 0.01875
1 0.32890625 0.58984375 0.0171875 0.03203125
1 0.42578125 0.6890625 0.0203125 0.028125
1 0.51015625 0.275 0.01640625 0.03359375
4 0.496875 0.2109375 0.01640625 0.01796875
1 0.35859375 0.70546875 0.0109375 0.03984375
4 0.4625 0.27578125 0.01875 0.01640625
1 0.57890625 0.7765625 0.0109375 0.034375
1 0.4015625 0.7578125 0.01015625 0.0390625
4 0.37265625 0.3375 0.01796875 0.0171875