1 0.24453125 0.47265625 0.019921875 0.025
1 0.1328125 0.6921875 0.015625 0.037109375
1 0.09453125 0.68515625 0.0203125 0.0265625
1 0.23359375 0.7265625 0.017578125 0.033984375
1 0.27109375 0.7484375 0.0203125 0.02734375
1 0.25390625 0.8265625 0.023046875 0.024609375
1 0.41015625 0.67109375 0.025 0.0234375
4 0.0421875 0.69453125 0.01484375 0.030078125
1 0.01015625 0.67734375 0.0203125 0.023828125
4 0.01640625 0.75703125 0.015625 0.03125
1 0.20234375 0.89609375 0.01875 0.0265625
1 0.98046875 0.3984375 0.014453125 0.015625
4 0.06875 0.88828125 0.0125 0.030078125