1 0.378125 0.7796875 0.022265625 0.025390625
4 0.31484375 0.14609375 0.025 0.023046875
4 0.24453125 0.1 0.020703125 0.021875
1 0.33515625 0.53515625 0.017578125 0.036328125
1 0.52734375 0.86953125 0.0171875 0.033203125
4 0.26953125 0.18359375 0.020703125 0.0234375
1 0.4265625 0.97734375 0.022265625 0.028125
1 0.496875 0.98515625 0.01171875 0.0296875
4 0.35234375 0.6 0.019921875 0.019140625
1 0.36171875 0.709375 0.01875 0.03671875
4 0.35234375 0.4734375 0.0203125 0.021484375
4 0.1625 0.1140625 0.021875 0.025390625
4 0.3859375 0.53203125 0.021875 0.019921875