3 0.54921875 0.34453125 0.0171875 0.030078125
3 0.68984375 0.27421875 0.0140625 0.0234375
4 0.38203125 0.74296875 0.014453125 0.0296875
3 0.55078125 0.2265625 0.013671875 0.024609375
3 0.8296875 0.15625 0.01484375 0.01796875
4 0.3453125 0.04375 0.01484375 0.015625
3 0.53125 0.11015625 0.012890625 0.021875
4 0.3375 0.75859375 0.0125 0.029296875
4 0.2578125 0.08671875 0.018359375 0.01875
3 0.68828125 0.17109375 0.0125 0.021875
4 0.265625 0.4453125 0.01171875 0.01875
4 0.23515625 0.24296875 0.0140625 0.028125