1 0.5546875 0.71171875 0.021875 0.019921875
4 0.35546875 0.559375 0.013671875 0.030859375
1 0.503125 0.77265625 0.01875 0.029296875
1 0.5578125 0.37109375 0.01875 0.023046875
1 0.57109375 0.63515625 0.0203125 0.020703125
4 0.328125 0.61953125 0.0125 0.032421875
1 0.40625 0.55859375 0.019140625 0.026171875
4 0.1515625 0.50703125 0.012890625 0.032421875
1 0.44140625 0.5703125 0.013671875 0.033984375
4 0.11484375 0.47890625 0.011328125 0.032421875
4 0.29296875 0.59296875 0.013671875 0.029296875
1 0.53671875 0.61171875 0.014453125 0.0296875
4 0.1046875 0.3703125 0.01484375 0.028515625
1 0.71015625 0.57734375 0.026171875 0.026953125
1 0.325 0.54375 0.018359375 0.022265625
4 0.140625 0.578125 0.0125 0.03125
4 0.03046875 0.3328125 0.014453125 0.02890625