3 0.6078125 0.78125 0.01640625 0.027734375
3 0.32265625 0.4828125 0.017578125 0.027734375
3 0.490625 0.6296875 0.015234375 0.025
3 0.76328125 0.55546875 0.015625 0.023828125
4 0.6921875 0.5828125 0.018359375 0.03359375
3 0.72734375 0.42578125 0.011328125 0.01875
3 0.54921875 0.4046875 0.0125 0.022265625
3 0.35859375 0.2484375 0.023046875 0.037109375
4 0.2125 0.4703125 0.012109375 0.03359375
4 0.07578125 0.46171875 0.017578125 0.034375
4 0.0625 0.3109375 0.018359375 0.025390625
4 0.0421875 0.24921875 0.012890625 0.023828125