1 0.75 0.284375 0.025 0.021875
1 0.30234375 0.24296875 0.0171875 0.016796875
1 0.07265625 0.02421875 0.019921875 0.0375
1 0.4890625 0.13046875 0.012109375 0.040625
1 0.5625 0.3203125 0.01875 0.040234375
1 0.05234375 0.28984375 0.0140625 0.0359375
1 0.18984375 0.03046875 0.0109375 0.042578125
1 0.6375 0.34296875 0.025 0.023828125
1 0.11640625 0.28125 0.016796875 0.03828125
1 0.16171875 0.18125 0.015625 0.040234375
1 0.446875 0.31015625 0.01328125 0.0390625
1 0.196875 0.3390625 0.012109375 0.034375