4 0.48515625 0.38046875 0.01328125 0.03203125
4 0.5578125 0.4125 0.0140625 0.03359375
4 0.56640625 0.5171875 0.01328125 0.03515625
4 0.60234375 0.5453125 0.01328125 0.03203125
4 0.59140625 0.6125 0.01484375 0.03515625
1 0.76796875 0.58046875 0.01875 0.025
4 0.73828125 0.62890625 0.01328125 0.02734375
4 0.77265625 0.653125 0.0140625 0.03515625
4 0.7984375 0.59765625 0.0125 0.03515625
1 0.84765625 0.59375 0.0203125 0.02734375
1 0.88046875 0.60625 0.0125 0.03515625
1 0.9421875 0.803125 0.01796875 0.02890625
1 0.990625 0.7453125 0.01796875 0.02109375
1 0.97578125 0.64765625 0.0171875 0.03125
1 0.9921875 0.40859375 0.0140625 0.02265625