5 0.67265625 0.78984375 0.0140625 0.0171875
5 0.92421875 0.8625 0.011328125 0.021875
5 0.80859375 0.496875 0.011328125 0.018359375
5 0.1265625 0.65078125 0.015625 0.0203125
5 0.83359375 0.61640625 0.010546875 0.020703125
5 0.15078125 0.51640625 0.010546875 0.021875
5 0.67890625 0.4546875 0.010546875 0.022265625
5 0.41484375 0.4625 0.014453125 0.015625
5 0.52734375 0.484375 0.009375 0.02421875
5 0.803125 0.98359375 0.01328125 0.023828125
5 0.28125 0.5296875 0.009765625 0.022265625
5 0.49140625 0.85 0.0140625 0.022265625