2 0.6171875 0.3953125 0.0140625 0.02421875
2 0.77890625 0.59921875 0.0171875 0.034375
2 0.97265625 0.6625 0.0109375 0.02734375
2 0.4671875 0.55546875 0.01171875 0.0234375
2 0.6671875 0.59140625 0.0140625 0.02578125
2 0.82265625 0.6390625 0.015625 0.01875
2 0.2765625 0.51015625 0.01484375 0.021875
2 0.35078125 0.5171875 0.0140625 0.01953125
2 0.7734375 0.40078125 0.01171875 0.02421875
2 0.27421875 0.35703125 0.01484375 0.02421875
2 0.2671875 0.428125 0.0125 0.0171875
2 0.4984375 0.38203125 0.01328125 0.0265625
2 0.8765625 0.4484375 0.01171875 0.01796875
2 0.42734375 0.3640625 0.01171875 0.01640625
2 0.31796875 0.36015625 0.015625 0.01953125
2 0.76328125 0.52421875 0.01171875 0.02109375
2 0.56171875 0.5734375 0.0125 0.02265625
2 0.90078125 0.63203125 0.01171875 0.02109375
2 0.85 0.36796875 0.01015625 0.025