5 0.1703125 0.73671875 0.01796875 0.01875
5 0.565625 0.1203125 0.0125 0.0140625
5 0.678125 0.05546875 0.0125 0.0171875
5 0.56953125 0.1703125 0.01328125 0.01875
5 0.7515625 0.29921875 0.009375 0.0234375
5 0.2765625 0.459375 0.0125 0.01796875
5 0.60234375 0.44765625 0.0109375 0.02421875
5 0.43203125 0.4265625 0.00859375 0.01875
5 0.3421875 0.79921875 0.0125 0.0171875
5 0.64453125 0.9734375 0.0109375 0.025
5 0.49375 0.68203125 0.01640625 0.015625
5 0.76171875 0.590625 0.01484375 0.025
5 0.79609375 0.38671875 0.01171875 0.025
5 0.68359375 0.79609375 0.009375 0.02265625