2 0.91796875 0.94296875 0.016796875 0.0328125
2 0.71875 0.21015625 0.012890625 0.026953125
2 0.79375 0.12109375 0.0125 0.025
2 0.8078125 0.2421875 0.012890625 0.02734375
2 0.78203125 0.703125 0.0140625 0.03046875
2 0.84609375 0.43125 0.0125 0.021484375
2 0.89609375 0.75546875 0.013671875 0.0265625
2 0.7125 0.13671875 0.01328125 0.0234375
2 0.8109375 0.96640625 0.01484375 0.0234375
2 0.7578125 0.50625 0.015625 0.028515625
2 0.8703125 0.58359375 0.012890625 0.023046875
2 0.74921875 0.11796875 0.0109375 0.0234375
2 0.87578125 0.92890625 0.013671875 0.026171875
2 0.7375 0.38671875 0.01171875 0.023046875