2 0.64296875 0.728125 0.0171875 0.0203125
2 0.50859375 0.8328125 0.0140625 0.02109375
2 0.54140625 0.72890625 0.0140625 0.0203125
2 0.425 0.73046875 0.0125 0.01640625
2 0.734375 0.80703125 0.01328125 0.0171875
2 0.6515625 0.93515625 0.01640625 0.0203125
2 0.8203125 0.88203125 0.0140625 0.02109375
2 0.38515625 0.484375 0.01328125 0.025
2 0.51171875 0.590625 0.0140625 0.02421875
2 0.54140625 0.6515625 0.01875 0.0328125
2 0.44140625 0.55078125 0.0125 0.01328125
2 0.921875 0.98828125 0.0171875 0.021875
2 0.434375 0.81953125 0.0125 0.02265625