5 0.73125 0.95390625 0.01796875 0.020703125
5 0.56640625 0.05703125 0.0140625 0.017578125
5 0.48203125 0.33828125 0.0125 0.025
5 0.60625 0.15546875 0.01171875 0.026953125
5 0.721875 0.6234375 0.016015625 0.025
5 0.540625 0.64609375 0.01328125 0.020703125
5 0.38671875 0.19609375 0.0125 0.023828125
5 0.85 0.6546875 0.012109375 0.025
5 0.621875 0.40234375 0.01328125 0.026953125
5 0.73671875 0.51875 0.009375 0.027734375
5 0.5234375 0.02265625 0.009765625 0.026171875
5 0.584375 0.94375 0.01328125 0.021484375
5 0.72890625 0.45234375 0.013671875 0.0171875
5 0.4703125 0.09140625 0.012109375 0.0203125