1 0.41953125 0.60625 0.01484375 0.04296875
1 0.46796875 0.653125 0.0140625 0.0421875
1 0.3765625 0.4875 0.01484375 0.03828125
4 0.4984375 0.13046875 0.0203125 0.02265625
4 0.53515625 0.1828125 0.01953125 0.0203125
1 0.48828125 0.575 0.02109375 0.0328125
4 0.51171875 0.0640625 0.02109375 0.01953125
4 0.40234375 0.2109375 0.0234375 0.0234375
1 0.49921875 0.959375 0.01796875 0.05234375
1 0.53515625 0.290625 0.01796875 0.03671875
1 0.65703125 0.6375 0.01328125 0.0390625
1 0.525 0.36796875 0.021875 0.02578125
1 0.5515625 0.1109375 0.0171875 0.03984375