0 0.696875 0.52734375 0.02109375 0.0296875
0 0.934375 0.48359375 0.01640625 0.03203125
0 0.67734375 0.83515625 0.01875 0.034375
0 0.759375 0.46953125 0.015625 0.01328125
0 0.628125 0.74296875 0.0109375 0.01015625
0 0.81953125 0.44609375 0.0109375 0.04296875
0 0.659375 0.76171875 0.01796875 0.0234375
0 0.64296875 0.59375 0.01484375 0.04609375
0 0.5859375 0.86953125 0.009375 0.02265625
0 0.7890625 0.6203125 0.0140625 0.046875
0 0.36171875 0.93828125 0.009375 0.0171875
0 0.41640625 0.82109375 0.00625 0.01484375