1 0.65625 0.41953125 0.025 0.0203125
1 0.521875 0.590625 0.02421875 0.02421875
4 0.48203125 0.67265625 0.02109375 0.02578125
4 0.28671875 0.95859375 0.02109375 0.028125
1 0.7125 0.60859375 0.02421875 0.025
4 0.48984375 0.7625 0.021875 0.0265625
1 0.77734375 0.11171875 0.028125 0.0421875
1 0.44765625 0.7125 0.02265625 0.02421875
1 0.721875 0.4734375 0.01796875 0.040625
1 0.55390625 0.5421875 0.02109375 0.021875
1 0.5453125 0.190625 0.01484375 0.03984375
4 0.23828125 0.99296875 0.0140625 0.0140625
4 0.17578125 0.9125 0.02265625 0.025
4 0.44375 0.7765625 0.01953125 0.028125
1 0.69765625 0.38046875 0.0171875 0.04296875