5 0.484375 0.90078125 0.0125 0.0234375
5 0.75703125 0.22734375 0.01484375 0.021875
5 0.20390625 0.7828125 0.0125 0.02421875
5 0.675 0.54609375 0.01171875 0.028125
5 0.43984375 0.64375 0.0125 0.02578125
5 0.32421875 0.80703125 0.01640625 0.02109375
5 0.5734375 0.6375 0.01171875 0.01875
5 0.48203125 0.42421875 0.01015625 0.0265625
5 0.5296875 0.34921875 0.01328125 0.01796875
5 0.5734375 0.3375 0.009375 0.02421875
5 0.69140625 0.25625 0.01171875 0.01875
5 0.61171875 0.421875 0.0109375 0.02109375
5 0.3375 0.64453125 0.0109375 0.01953125
5 0.321875 0.703125 0.01015625 0.0265625