5 0.6921875 0.51953125 0.01015625 0.021875
5 0.88359375 0.65859375 0.010546875 0.01875
5 0.70546875 0.2671875 0.013671875 0.018359375
5 0.9765625 0.77890625 0.012109375 0.01875
5 0.82265625 0.47109375 0.011328125 0.0171875
5 0.75546875 0.70390625 0.0125 0.0234375
5 0.5921875 0.55625 0.009375 0.018359375
5 0.60703125 0.065625 0.0140625 0.015625
5 0.809375 0.7546875 0.0125 0.018359375
5 0.453125 0.48125 0.009375 0.021875
5 0.5640625 0.41640625 0.01484375 0.0140625
5 0.85390625 0.75078125 0.009375 0.020703125
5 0.48828125 0.16015625 0.0109375 0.021875
5 0.571875 0.50859375 0.009765625 0.0171875
5 0.9265625 0.51953125 0.008984375 0.0234375