5 0.3078125 0.48046875 0.01015625 0.021875
5 0.11640625 0.34140625 0.010546875 0.01875
5 0.29453125 0.7328125 0.013671875 0.018359375
5 0.0234375 0.22109375 0.012109375 0.01875
5 0.17734375 0.52890625 0.011328125 0.0171875
5 0.24453125 0.29609375 0.0125 0.0234375
5 0.4078125 0.44375 0.009375 0.018359375
5 0.39296875 0.934375 0.0140625 0.015625
5 0.190625 0.2453125 0.0125 0.018359375
5 0.546875 0.51875 0.009375 0.021875
5 0.4359375 0.58359375 0.01484375 0.0140625
5 0.14609375 0.24921875 0.009375 0.020703125
5 0.51171875 0.83984375 0.0109375 0.021875
5 0.428125 0.49140625 0.009765625 0.0171875
5 0.0734375 0.48046875 0.008984375 0.0234375