1 0.025 0.3890625 0.021875 0.01875
1 0.0796875 0.1671875 0.021875 0.033984375
1 0.75546875 0.0390625 0.0234375 0.025
1 0.32890625 0.2453125 0.01875 0.01875
1 0.58671875 0.1703125 0.023046875 0.03515625
1 0.4859375 0.04296875 0.009375 0.039453125
1 0.15859375 0.384375 0.016796875 0.031640625
1 0.190625 0.109375 0.01328125 0.037109375
1 0.10078125 0.42734375 0.0171875 0.034375
1 0.24453125 0.3921875 0.011328125 0.037109375
1 0.1875 0.26484375 0.01171875 0.0421875
1 0.66171875 0.15546875 0.021875 0.035546875
1 0.47578125 0.228125 0.01875 0.034765625