5 0.7625 0.63046875 0.015625 0.020703125
5 0.703125 0.5953125 0.01328125 0.016015625
5 0.70078125 0.31953125 0.010546875 0.025
5 0.60859375 0.21640625 0.0109375 0.019921875
5 0.55234375 0.48984375 0.013671875 0.017578125
5 0.37109375 0.1234375 0.010546875 0.02265625
5 0.59375 0.50703125 0.009765625 0.0234375
5 0.5109375 0.41328125 0.009765625 0.023828125
5 0.48046875 0.1953125 0.010546875 0.021875
5 0.3828125 0.18203125 0.01015625 0.017578125
5 0.26171875 0.03203125 0.009375 0.023828125
5 0.378125 0.0234375 0.015234375 0.02109375
5 0.6359375 0.4296875 0.009765625 0.022265625