1 0.11796875 0.36796875 0.023046875 0.0203125
1 0.19140625 0.50703125 0.016796875 0.026953125
1 0.1359375 0.44296875 0.025390625 0.0203125
1 0.15546875 0.3375 0.016796875 0.03125
1 0.134375 0.0859375 0.018359375 0.01640625
4 0.5921875 0.1984375 0.012109375 0.030859375
4 0.37265625 0.34453125 0.011328125 0.032421875
1 0.29140625 0.2828125 0.01875 0.02734375
4 0.409375 0.31953125 0.0125 0.026953125
1 0.25546875 0.29453125 0.0140625 0.032421875
1 0.37734375 0.2671875 0.017578125 0.025
4 0.34453125 0.28671875 0.0125 0.0328125
4 0.55 0.23046875 0.0125 0.035546875
4 0.5609375 0.3 0.012109375 0.034765625
4 0.6796875 0.046875 0.0125 0.034765625
4 0.60078125 0.08203125 0.0125 0.033203125