5 0.8 0.15703125 0.01484375 0.01328125
5 0.77109375 0.63046875 0.0109375 0.01953125
5 0.74140625 0.42578125 0.0109375 0.01953125
5 0.6515625 0.4390625 0.0140625 0.0171875
5 0.7578125 0.23359375 0.0109375 0.01640625
5 0.77265625 0.91484375 0.01171875 0.0265625
5 0.82421875 0.47109375 0.0125 0.0234375
5 0.68515625 0.39140625 0.01171875 0.021875
5 0.63515625 0.53984375 0.01015625 0.028125
5 0.665625 0.75078125 0.0109375 0.028125
5 0.58125 0.8375 0.01171875 0.01640625
5 0.58515625 0.8984375 0.009375 0.02578125
5 0.61796875 0.97890625 0.0125 0.03046875