1 0.86484375 0.39375 0.0265625 0.044140625
1 0.8203125 0.29765625 0.02265625 0.019921875
1 0.69765625 0.43046875 0.026171875 0.032421875
1 0.1390625 0.45234375 0.019140625 0.03125
1 0.61640625 0.45 0.014453125 0.0375
1 0.62890625 0.36875 0.0265625 0.02578125
1 0.790625 0.39453125 0.019140625 0.036328125
1 0.309375 0.43828125 0.01328125 0.046875
1 0.08203125 0.39140625 0.01875 0.051171875
1 0.05625 0.45234375 0.016015625 0.029296875
1 0.4875 0.3546875 0.022265625 0.02109375
1 0.48515625 0.44453125 0.014453125 0.029296875
1 0.20546875 0.371875 0.0140625 0.01796875