4 0.8265625 0.81640625 0.012890625 0.034375
4 0.86796875 0.78828125 0.013671875 0.03125
1 0.6984375 0.76484375 0.015625 0.0359375
4 0.7953125 0.7515625 0.015234375 0.0375
1 0.54609375 0.85 0.023828125 0.025
1 0.56953125 0.93515625 0.021875 0.023828125
1 0.83046875 0.72890625 0.0203125 0.026953125
1 0.7375 0.75078125 0.01953125 0.0265625
1 0.56015625 0.5421875 0.019921875 0.021484375
1 0.58671875 0.81875 0.019921875 0.034375
1 0.38984375 0.7875 0.0296875 0.031640625
4 0.7765625 0.978125 0.012890625 0.0375