5 0.78125 0.5765625 0.01171875 0.0171875
5 0.88203125 0.52421875 0.00859375 0.02265625
5 0.4703125 0.89765625 0.01171875 0.0203125
5 0.675 0.78125 0.0125 0.01953125
5 0.58515625 0.98046875 0.0109375 0.0140625
5 0.53828125 0.646875 0.01328125 0.01484375
5 0.7140625 0.35703125 0.0125 0.021875
5 0.984375 0.26484375 0.01171875 0.0203125
5 0.80703125 0.30546875 0.0078125 0.021875
5 0.9234375 0.2703125 0.0109375 0.015625
5 0.76484375 0.30390625 0.01171875 0.01875
5 0.43125 0.59140625 0.01015625 0.02109375
5 0.83671875 0.39375 0.00859375 0.01953125
5 0.65703125 0.5390625 0.0125 0.01953125
5 0.56171875 0.509375 0.009375 0.01796875
5 0.54375 0.55625 0.01015625 0.0203125