5 0.8296875 0.73671875 0.018359375 0.01875
5 0.434375 0.1203125 0.0125 0.01484375
5 0.321875 0.05546875 0.0125 0.0171875
5 0.43046875 0.1703125 0.013671875 0.01875
5 0.2484375 0.29921875 0.009375 0.0234375
5 0.7234375 0.459375 0.0125 0.018359375
5 0.39765625 0.44765625 0.0109375 0.023828125
5 0.56796875 0.4265625 0.008203125 0.01875
5 0.6578125 0.79921875 0.0125 0.0171875
5 0.35546875 0.9734375 0.0109375 0.025
5 0.50625 0.68203125 0.016015625 0.015625
5 0.23828125 0.590625 0.014453125 0.025
5 0.20390625 0.38671875 0.011328125 0.025
5 0.31640625 0.79609375 0.009375 0.023046875