1 0.5546875 0.71171875 0.021875 0.01953125
4 0.35546875 0.559375 0.01328125 0.03046875
1 0.503125 0.77265625 0.01875 0.02890625
1 0.5578125 0.37109375 0.01875 0.02265625
1 0.57109375 0.63515625 0.0203125 0.02109375
4 0.328125 0.61953125 0.0125 0.03203125
1 0.40625 0.55859375 0.01953125 0.02578125
4 0.1515625 0.50703125 0.01328125 0.03203125
1 0.44140625 0.5703125 0.01328125 0.03359375
4 0.11484375 0.47890625 0.01171875 0.03203125
4 0.29296875 0.59296875 0.01328125 0.02890625
1 0.53671875 0.61171875 0.01484375 0.0296875
4 0.1046875 0.3703125 0.0140625 0.02890625
1 0.71015625 0.57734375 0.02578125 0.02734375
1 0.325 0.54375 0.01796875 0.02265625
4 0.140625 0.578125 0.0125 0.03125
4 0.03046875 0.3328125 0.01484375 0.0296875