2 0.30625 0.815625 0.015625 0.02890625
2 0.57109375 0.1484375 0.01328125 0.0296875
2 0.47890625 0.159375 0.01328125 0.025
2 0.4546875 0.63203125 0.01328125 0.02890625
2 0.4234375 0.33984375 0.0125 0.02265625
2 0.5078125 0.040625 0.01484375 0.025
2 0.5328125 0.33125 0.01171875 0.021875
2 0.58671875 0.07421875 0.01328125 0.02421875
2 0.5 0.4453125 0.0140625 0.028125
2 0.2546875 0.9890625 0.009375 0.021875
2 0.5515625 0.04453125 0.0109375 0.021875
2 0.38515625 0.484375 0.0109375 0.02109375
2 0.3453125 0.64375 0.0140625 0.0265625
2 0.34609375 0.81953125 0.01484375 0.02578125
2 0.4015625 0.8828125 0.01328125 0.025
2 0.2765625 0.865625 0.0140625 0.025