1 0.50859375 0.946875 0.013671875 0.04375
1 0.55625 0.98359375 0.012890625 0.0328125
1 0.46953125 0.83984375 0.014453125 0.03125
1 0.60859375 0.64375 0.015625 0.034375
4 0.5703125 0.50625 0.019140625 0.01875
1 0.7328125 0.96328125 0.01015625 0.033203125
4 0.48125 0.5765625 0.016015625 0.018359375
1 0.60078125 0.715625 0.020703125 0.022265625
1 0.61796875 0.47578125 0.0140625 0.0359375
1 0.5734375 0.91484375 0.01640625 0.035546875
4 0.6390625 0.13984375 0.018359375 0.0203125
4 0.59375 0.0984375 0.019140625 0.024609375
4 0.60625 0.54140625 0.016015625 0.019921875
4 0.5859375 0.44453125 0.018359375 0.0140625
4 0.6609375 0.05234375 0.01875 0.020703125
4 0.73203125 0.03828125 0.01875 0.0234375