2 0.34453125 0.30859375 0.014453125 0.025
2 0.44375 0.59765625 0.015234375 0.0375
2 0.2390625 0.215625 0.01484375 0.025
2 0.00625 0.17734375 0.012109375 0.023828125
2 0.34765625 0.51640625 0.0125 0.0234375
2 0.17421875 0.35078125 0.011328125 0.023828125
2 0.07578125 0.0671875 0.0140625 0.028125
2 0.17734375 0.1484375 0.013671875 0.02734375
2 0.47265625 0.66328125 0.013671875 0.025
2 0.25859375 0.43359375 0.0109375 0.023046875
2 0.48671875 0.42421875 0.011328125 0.020703125
2 0.60078125 0.78125 0.0140625 0.03125
2 0.01484375 0.09765625 0.0125 0.021875
2 0.5453125 0.71015625 0.009765625 0.019921875
2 0.03515625 0.03515625 0.014453125 0.034375
2 0.44765625 0.5265625 0.011328125 0.01875
2 0.07421875 0.2328125 0.014453125 0.028125
2 0.56015625 0.4421875 0.010546875 0.027734375