0 0.259375 0.2015625 0.022265625 0.046484375
0 0.0546875 0.07421875 0.028515625 0.032421875
0 0.65390625 0.22109375 0.010546875 0.023828125
0 0.36171875 0.78984375 0.029296875 0.019921875
0 0.3890625 0.56171875 0.024609375 0.04375
0 0.13984375 0.4140625 0.030078125 0.028515625
0 0.628125 0.52890625 0.018359375 0.0265625
0 0.675 0.0703125 0.019140625 0.021484375
0 0.54921875 0.69453125 0.013671875 0.0390625
0 0.44765625 0.02109375 0.0109375 0.0421875
0 0.20703125 0.5734375 0.010546875 0.015625
0 0.0078125 0.27734375 0.015625 0.0359375