1 0.48203125 0.8296875 0.0140625 0.043359375
1 0.4328125 0.87265625 0.01015625 0.0390625
1 0.521875 0.7203125 0.01328125 0.031640625
4 0.41640625 0.38125 0.019921875 0.01875
1 0.378125 0.521875 0.015234375 0.03203125
1 0.3671875 0.34921875 0.015625 0.032421875
4 0.34453125 0.0078125 0.021875 0.015625
1 0.41640625 0.8 0.016796875 0.034765625
4 0.4015625 0.30234375 0.01875 0.0171875
1 0.38671875 0.59296875 0.0203125 0.021875
4 0.50859375 0.4546875 0.016796875 0.01875
1 0.2515625 0.84375 0.012109375 0.03828125
4 0.38046875 0.4171875 0.017578125 0.02109375