4 0.56484375 0.40234375 0.0171875 0.01953125
1 0.5703125 0.19140625 0.01796875 0.0296875
4 0.56328125 0.28828125 0.02109375 0.01875
4 0.59140625 0.35078125 0.01953125 0.01875
4 0.528125 0.69609375 0.0203125 0.025
1 0.5453125 0.34921875 0.0171875 0.0328125
4 0.390625 0.7265625 0.0203125 0.0203125
4 0.46484375 0.73671875 0.02265625 0.02265625
4 0.4859375 0.66328125 0.0234375 0.02421875
1 0.58515625 0.12578125 0.021875 0.0203125
4 0.6828125 0.29140625 0.015625 0.015625
1 0.7234375 0.0453125 0.01484375 0.0296875
4 0.353125 0.88203125 0.02265625 0.02421875