5 0.69921875 0.49765625 0.0140625 0.023046875
5 0.665625 0.83203125 0.016015625 0.0125
5 0.6546875 0.02109375 0.009765625 0.023828125
5 0.55 0.56875 0.0125 0.022265625
5 0.61015625 0.53671875 0.0125 0.017578125
5 0.51796875 0.5140625 0.013671875 0.018359375
5 0.453125 0.0828125 0.0125 0.012109375
5 0.46015625 0.0203125 0.0078125 0.022265625
5 0.53828125 0.184375 0.0078125 0.021875
5 0.64609375 0.32265625 0.008203125 0.017578125
5 0.503125 0.40859375 0.008984375 0.0234375
5 0.62265625 0.74609375 0.011328125 0.015625