4 0.43515625 0.40234375 0.0171875 0.019921875
1 0.4296875 0.19140625 0.018359375 0.0296875
4 0.43671875 0.28828125 0.020703125 0.01875
4 0.40859375 0.35078125 0.019921875 0.01875
4 0.471875 0.69609375 0.01953125 0.025
1 0.4546875 0.34921875 0.01640625 0.0328125
4 0.609375 0.7265625 0.01953125 0.02109375
4 0.53515625 0.73671875 0.023046875 0.023046875
4 0.5140625 0.66328125 0.02265625 0.023828125
1 0.41484375 0.12578125 0.021875 0.0203125
4 0.3171875 0.29140625 0.015625 0.015625
1 0.2765625 0.0453125 0.015234375 0.02890625
4 0.646875 0.88203125 0.022265625 0.023828125