1 0.18125 0.69921875 0.01953125 0.03203125
1 0.10859375 0.7046875 0.02890625 0.040625
1 0.2703125 0.71953125 0.025 0.034375
1 0.6546875 0.66953125 0.0171875 0.04765625
1 0.3375 0.646875 0.02421875 0.02890625
1 0.82578125 0.66171875 0.0203125 0.03125
1 0.3515625 0.72734375 0.01328125 0.03671875
1 0.48203125 0.70078125 0.01796875 0.028125
1 0.14921875 0.60625 0.025 0.0234375
1 0.88125 0.5953125 0.01640625 0.05078125
1 0.91015625 0.6515625 0.01484375 0.0265625
1 0.47578125 0.6109375 0.02421875 0.02109375
1 0.7546875 0.590625 0.01328125 0.0171875