5 0.78125 0.4234375 0.012109375 0.01640625
5 0.88203125 0.47578125 0.008203125 0.023046875
5 0.4703125 0.10234375 0.012109375 0.0203125
5 0.675 0.21875 0.0125 0.019140625
5 0.58515625 0.01953125 0.0109375 0.0140625
5 0.53828125 0.353125 0.013671875 0.015234375
5 0.7140625 0.64296875 0.0125 0.021875
5 0.984375 0.73515625 0.012109375 0.0203125
5 0.80703125 0.69453125 0.0078125 0.021875
5 0.9234375 0.7296875 0.01015625 0.015625
5 0.76484375 0.69609375 0.011328125 0.01875
5 0.43125 0.40859375 0.009765625 0.020703125
5 0.83671875 0.60625 0.008203125 0.019140625
5 0.65703125 0.4609375 0.0125 0.019140625
5 0.56171875 0.490625 0.009375 0.018359375
5 0.54375 0.44375 0.009765625 0.01953125