5 0.56796875 0.125 0.008203125 0.021875
5 0.3203125 0.8859375 0.0125 0.018359375
5 0.78046875 0.82265625 0.013671875 0.023828125
5 0.3828125 0.95703125 0.009765625 0.0234375
5 0.70078125 0.30234375 0.0140625 0.016796875
5 0.35546875 0.67578125 0.0125 0.014453125
5 0.384375 0.2828125 0.01328125 0.016015625
5 0.56171875 0.4171875 0.0109375 0.025
5 0.8 0.503125 0.009375 0.025
5 0.63125 0.6734375 0.012109375 0.01875
5 0.3515625 0.45234375 0.012109375 0.025
5 0.40234375 0.046875 0.014453125 0.018359375