3 0.0390625 0.4125 0.01484375 0.022265625
3 0.14921875 0.30390625 0.0140625 0.023046875
3 0.303125 0.4515625 0.015234375 0.025390625
3 0.33984375 0.34140625 0.014453125 0.0265625
3 0.5078125 0.4265625 0.015625 0.033984375
3 0.4640625 0.54609375 0.015625 0.028125
3 0.440625 0.68515625 0.015234375 0.028125
4 0.6015625 0.959375 0.012890625 0.02421875
4 0.78515625 0.87578125 0.019921875 0.0296875
4 0.82890625 0.634375 0.016796875 0.01953125
4 0.825 0.2 0.012890625 0.040234375
4 0.87421875 0.2328125 0.014453125 0.02890625