0 0.696875 0.52734375 0.021484375 0.0296875
0 0.934375 0.48359375 0.016015625 0.032421875
0 0.67734375 0.83515625 0.01875 0.034375
0 0.759375 0.46953125 0.015625 0.013671875
0 0.628125 0.74296875 0.01171875 0.010546875
0 0.81953125 0.44609375 0.0109375 0.042578125
0 0.659375 0.76171875 0.018359375 0.0234375
0 0.64296875 0.59375 0.014453125 0.046484375
0 0.5859375 0.86953125 0.009375 0.023046875
0 0.7890625 0.6203125 0.01484375 0.046875
0 0.36171875 0.93828125 0.009375 0.0171875
0 0.41640625 0.82109375 0.00625 0.014453125