5 0.865625 0.1859375 0.00859375 0.015625
5 0.7078125 0.56875 0.01171875 0.015625
5 0.74453125 0.15390625 0.01171875 0.021875
5 0.91015625 0.31328125 0.009375 0.0203125
5 0.8109375 0.36484375 0.0109375 0.0140625
5 0.9515625 0.06328125 0.0109375 0.0171875
5 0.83671875 0.1015625 0.0078125 0.021875
5 0.68984375 0.33203125 0.01015625 0.01953125
5 0.5703125 0.4421875 0.01328125 0.015625
5 0.61796875 0.765625 0.0125 0.01484375
5 0.50546875 0.68359375 0.015625 0.02109375
5 0.7953125 0.10234375 0.0109375 0.0171875
5 0.4640625 0.390625 0.009375 0.02265625
5 0.57578125 0.35390625 0.0109375 0.01875
5 0.59375 0.30703125 0.00859375 0.01796875