1 0.046875 0.825 0.02578125 0.046875
1 0.28203125 0.82109375 0.0265625 0.0265625
1 0.2109375 0.76640625 0.027734375 0.03125
1 0.596875 0.7078125 0.012890625 0.04140625
1 0.09765625 0.9109375 0.026171875 0.021484375
1 0.121875 0.81484375 0.01796875 0.0375
1 0.765625 0.67265625 0.015625 0.032421875
1 0.290625 0.7359375 0.01328125 0.03515625
1 0.4265625 0.8171875 0.022265625 0.01875
1 0.9578125 0.63359375 0.01640625 0.038671875
1 0.82578125 0.725 0.017578125 0.04921875
1 0.703125 0.76328125 0.015625 0.0171875
1 0.84921875 0.66328125 0.0140625 0.0265625
1 0.425 0.72421875 0.015234375 0.034375