5 0.515625 0.90078125 0.0125 0.0234375
5 0.24296875 0.22734375 0.014453125 0.021875
5 0.79609375 0.7828125 0.0125 0.024609375
5 0.325 0.54609375 0.012109375 0.028125
5 0.56015625 0.64375 0.0125 0.025390625
5 0.67578125 0.80703125 0.016796875 0.020703125
5 0.4265625 0.6375 0.012109375 0.01875
5 0.51796875 0.42421875 0.010546875 0.0265625
5 0.4703125 0.34921875 0.012890625 0.017578125
5 0.4265625 0.3375 0.009375 0.024609375
5 0.30859375 0.25625 0.011328125 0.01875
5 0.38828125 0.421875 0.0109375 0.021484375
5 0.6625 0.64453125 0.01171875 0.019921875
5 0.678125 0.703125 0.009765625 0.02578125