2 0.10625 0.64609375 0.01328125 0.028125
2 0.2546875 0.378125 0.01328125 0.02890625
2 0.39375 0.58359375 0.0140625 0.02578125
2 0.2921875 0.47578125 0.0125 0.02578125
2 0.79375 0.584375 0.01171875 0.02421875
2 0.1703125 0.21953125 0.01328125 0.02734375
2 0.5296875 0.4796875 0.01015625 0.02109375
2 0.62890625 0.7203125 0.01171875 0.0234375
2 0.903125 0.75546875 0.01328125 0.028125
2 0.90625 0.2484375 0.0125 0.0234375
2 0.67734375 0.4625 0.0140625 0.0234375
2 0.77109375 0.365625 0.01328125 0.02265625
2 0.11640625 0.40546875 0.01484375 0.02265625
2 0.240625 0.625 0.015625 0.0234375
2 0.36640625 0.65625 0.01328125 0.02578125
2 0.178125 0.44296875 0.01171875 0.01796875
2 0.56875 0.67578125 0.0140625 0.02109375