1 0.3921875 0.85625 0.01875 0.028515625
1 0.45078125 0.7890625 0.0265625 0.019140625
4 0.19453125 0.6765625 0.013671875 0.034375
1 0.434375 0.67421875 0.016015625 0.034375
4 0.246875 0.834375 0.0125 0.033984375
1 0.4578125 0.40234375 0.019140625 0.0234375
1 0.47109375 0.70703125 0.023046875 0.023046875
1 0.28515625 0.61171875 0.0203125 0.030078125
4 0.22734375 0.6140625 0.0140625 0.03359375
1 0.15625 0.65 0.015234375 0.028125
1 0.325 0.62265625 0.015625 0.0359375
1 0.62578125 0.6453125 0.0296875 0.03125
4 0.0046875 0.55 0.009375 0.037109375
1 0.19140625 0.59375 0.020703125 0.028125