3 0.94140625 0.67109375 0.0125 0.02265625
3 0.8640625 0.50546875 0.01171875 0.01875
3 0.70078125 0.41171875 0.0140625 0.0265625
3 0.71015625 0.52421875 0.0125 0.02265625
3 0.55 0.63046875 0.0140625 0.02265625
3 0.56015625 0.49609375 0.01484375 0.02890625
3 0.54921875 0.37421875 0.0171875 0.03359375
4 0.3546875 0.75703125 0.01328125 0.01953125
4 0.2578125 0.728125 0.01953125 0.0203125
4 0.22890625 0.55625 0.0140625 0.0296875
4 0.25546875 0.33046875 0.0125 0.02421875
4 0.3171875 0.01640625 0.01015625 0.0234375
4 0.35859375 0.01875 0.01328125 0.0296875