1 0.1296875 0.8390625 0.0140625 0.04453125
1 0.0796875 0.79453125 0.01484375 0.0453125
1 0.315625 0.81796875 0.0140625 0.0390625
1 0.1484375 0.76328125 0.025 0.0359375
4 0.15703125 0.32890625 0.02265625 0.02265625
1 0.040625 0.678125 0.0203125 0.0359375
1 0.19296875 0.48046875 0.01796875 0.03828125
4 0.1921875 0.3703125 0.02421875 0.025
4 0.05859375 0.403125 0.02265625 0.02109375
4 0.17265625 0.26796875 0.02265625 0.02109375
1 0.18359375 0.55234375 0.021875 0.025
1 0.2078125 0.3 0.0171875 0.03984375