1 0.53984375 0.8984375 0.01953125 0.0375
4 0.58984375 0.9046875 0.021875 0.0203125
1 0.6453125 0.11015625 0.01796875 0.05078125
1 0.58203125 0.6609375 0.02578125 0.02265625
1 0.5671875 0.7265625 0.01796875 0.034375
1 0.72890625 0.57265625 0.02109375 0.03671875
1 0.6296875 0.4671875 0.02421875 0.03046875
4 0.55859375 0.83515625 0.0203125 0.0203125
4 0.5625 0.975 0.021875 0.021875
1 0.65546875 0.4015625 0.01171875 0.04140625
4 0.684375 0.83828125 0.0171875 0.01953125
1 0.7 0.4546875 0.0125 0.040625
1 0.47734375 0.37734375 0.01328125 0.0390625