1 0.57734375 0.50390625 0.0171875 0.029296875
4 0.4921875 0.03046875 0.019140625 0.0171875
1 0.59140625 0.56796875 0.020703125 0.017578125
1 0.7328125 0.6484375 0.01640625 0.028125
4 0.5703125 0.4046875 0.018359375 0.016015625
4 0.5984375 0.34453125 0.019140625 0.016796875
4 0.5640625 0.2859375 0.01640625 0.016015625
1 0.70546875 0.7640625 0.0109375 0.040234375
4 0.53359375 0.0078125 0.01875 0.015234375
1 0.63984375 0.75234375 0.0203125 0.029296875
1 0.6640625 0.8171875 0.009765625 0.037890625
1 0.55234375 0.34765625 0.015625 0.030078125
1 0.48984375 0.8421875 0.010546875 0.034765625
4 0.68671875 0.403125 0.0171875 0.018359375