1 0.87890625 0.70390625 0.01953125 0.02109375
1 0.828125 0.76328125 0.01640625 0.02734375
1 0.7328125 0.5515625 0.01875 0.02578125
1 0.8828125 0.36484375 0.0203125 0.02109375
4 0.70078125 0.74140625 0.0140625 0.0296875
1 0.896875 0.62890625 0.0203125 0.0203125
4 0.68203125 0.5546875 0.01328125 0.03046875
4 0.65625 0.6109375 0.0140625 0.03203125
1 0.65078125 0.53671875 0.0203125 0.02578125
1 0.86328125 0.60546875 0.015625 0.03125
1 0.76875 0.5609375 0.01484375 0.0328125
4 0.61953125 0.5859375 0.0109375 0.0265625
4 0.471875 0.56953125 0.01484375 0.0328125
4 0.4484375 0.4734375 0.0109375 0.03046875
4 0.48359375 0.5015625 0.01328125 0.03125
4 0.4375 0.3671875 0.0125 0.02890625
4 0.36484375 0.33125 0.0140625 0.0296875