1 0.50390625 0.190625 0.015625 0.033984375
1 0.46640625 0.21875 0.021875 0.022265625
1 0.48671875 0.2953125 0.023046875 0.021484375
1 0.540625 0.35859375 0.015625 0.028125
4 0.9046875 0.07421875 0.01875 0.035546875
4 0.94921875 0.04140625 0.014453125 0.034375
4 0.9203125 0.1453125 0.018359375 0.037109375
1 0.72734375 0.115625 0.017578125 0.025
1 0.325 0.1578125 0.028125 0.025390625
4 0.69375 0.13828125 0.012109375 0.030078125
1 0.60546875 0.1453125 0.0140625 0.034765625
4 0.76171875 0.1671875 0.015625 0.034375
4 0.72421875 0.19296875 0.016796875 0.036328125
4 0.67578125 0.3328125 0.0140625 0.0375
1 0.6421875 0.13046875 0.016015625 0.0234375