3 0.9609375 0.5875 0.01484375 0.022265625
3 0.85078125 0.69609375 0.0140625 0.023046875
3 0.696875 0.5484375 0.015234375 0.025390625
3 0.66015625 0.65859375 0.014453125 0.0265625
3 0.4921875 0.5734375 0.015625 0.033984375
3 0.5359375 0.45390625 0.015625 0.028125
3 0.559375 0.31484375 0.015234375 0.028125
4 0.3984375 0.040625 0.012890625 0.02421875
4 0.21484375 0.12421875 0.019921875 0.0296875
4 0.17109375 0.365625 0.016796875 0.01953125
4 0.175 0.8 0.012890625 0.040234375
4 0.12578125 0.7671875 0.014453125 0.02890625