2 0.071875 0.82890625 0.0125 0.026953125
2 0.2875 0.51796875 0.01171875 0.0203125
2 0.421875 0.4171875 0.012109375 0.02734375
2 0.09375 0.49140625 0.0125 0.026171875
2 0.078125 0.70859375 0.015625 0.026953125
2 0.1375 0.53515625 0.012109375 0.020703125
2 0.4921875 0.21484375 0.01015625 0.026171875
2 0.2671875 0.31015625 0.012890625 0.023046875
2 0.31015625 0.2234375 0.013671875 0.021484375
2 0.528125 0.42734375 0.0125 0.0203125
2 0.70546875 0.08203125 0.010546875 0.023828125
2 0.68125 0.4234375 0.0125 0.02265625
2 0.79453125 0.378125 0.011328125 0.021875
2 0.7609375 0.20625 0.01015625 0.01796875