2 0.53671875 0.59921875 0.01875 0.0328125
2 0.71640625 0.66015625 0.0125 0.029296875
2 0.3875 0.403125 0.012890625 0.025390625
2 0.2421875 0.55390625 0.01015625 0.0234375
2 0.43125 0.58984375 0.012890625 0.023828125
2 0.5234375 0.528125 0.012109375 0.022265625
2 0.05390625 0.36171875 0.0140625 0.028125
2 0.3328125 0.575 0.01015625 0.019140625
2 0.575 0.63828125 0.012890625 0.0203125
2 0.27265625 0.3890625 0.0125 0.02734375
2 0.05703125 0.509375 0.014453125 0.022265625
2 0.53515625 0.4140625 0.014453125 0.02265625
2 0.63046875 0.45703125 0.010546875 0.017578125
2 0.20234375 0.3703125 0.0140625 0.021484375
2 0.12890625 0.51640625 0.016796875 0.021875
2 0.04765625 0.43046875 0.013671875 0.017578125
2 0.6078125 0.38046875 0.009765625 0.021875
2 0.09765625 0.36484375 0.0203125 0.020703125
2 0.65078125 0.63359375 0.011328125 0.0234375