2 0.5046875 0.5796875 0.015234375 0.02265625
2 0.203125 0.6515625 0.01171875 0.028515625
2 0.89140625 0.503125 0.0140625 0.025
2 0.39453125 0.5890625 0.01875 0.03359375
2 0.8171875 0.509375 0.015234375 0.024609375
2 0.5515625 0.3890625 0.012890625 0.02734375
2 0.60703125 0.56484375 0.0140625 0.021875
2 0.66953125 0.375 0.0125 0.025
2 0.3515625 0.6296875 0.01484375 0.018359375
2 0.39765625 0.39609375 0.010546875 0.020703125
2 0.74140625 0.35625 0.013671875 0.018359375
2 0.296875 0.440625 0.01171875 0.016015625
2 0.321875 0.359375 0.01171875 0.022265625
2 0.89296875 0.35078125 0.0140625 0.0265625
2 0.70234375 0.54765625 0.010546875 0.021875
2 0.27265625 0.6234375 0.0109375 0.021484375
2 0.409375 0.51484375 0.01171875 0.021875
2 0.8484375 0.35390625 0.015625 0.0171875
2 0.9 0.4203125 0.01328125 0.015234375