3 0.34609375 0.634375 0.015625 0.025
3 0.46640625 0.7140625 0.014453125 0.027734375
3 0.23828125 0.88046875 0.0125 0.023046875
4 0.296875 0.8296875 0.016015625 0.025390625
3 0.28515625 0.97890625 0.0109375 0.021875
3 0.44609375 0.93125 0.0109375 0.021875
3 0.6328125 0.778125 0.016015625 0.02578125
4 0.73203125 0.746875 0.011328125 0.03203125
4 0.8515625 0.70546875 0.01484375 0.032421875
4 0.921875 0.81015625 0.016015625 0.028125
4 0.91171875 0.86875 0.0125 0.025
3 0.63125 0.98671875 0.01953125 0.026171875