1 0.41953125 0.60625 0.014453125 0.043359375
1 0.46796875 0.653125 0.0140625 0.04296875
1 0.3765625 0.4875 0.015234375 0.037890625
4 0.4984375 0.13046875 0.02109375 0.023046875
4 0.53515625 0.1828125 0.019921875 0.02109375
1 0.48828125 0.575 0.020703125 0.03203125
4 0.51171875 0.0640625 0.020703125 0.019140625
4 0.40234375 0.2109375 0.0234375 0.02265625
1 0.49921875 0.959375 0.017578125 0.052734375
1 0.53515625 0.290625 0.017578125 0.037109375
1 0.65703125 0.6375 0.013671875 0.03828125
1 0.525 0.36796875 0.021875 0.026171875
1 0.5515625 0.1109375 0.01640625 0.040234375