5 0.67265625 0.21015625 0.0140625 0.0171875
5 0.92421875 0.1375 0.01171875 0.021875
5 0.80859375 0.503125 0.01171875 0.01796875
5 0.1265625 0.34921875 0.015625 0.0203125
5 0.83359375 0.38359375 0.01015625 0.02109375
5 0.15078125 0.48359375 0.01015625 0.021875
5 0.67890625 0.5453125 0.01015625 0.02265625
5 0.41484375 0.5375 0.01484375 0.015625
5 0.52734375 0.515625 0.009375 0.0234375
5 0.803125 0.01640625 0.0140625 0.02421875
5 0.28125 0.4703125 0.01015625 0.02265625
5 0.49140625 0.15 0.0140625 0.02265625