1 0.54296875 0.16953125 0.0125 0.042578125
1 0.590625 0.21484375 0.0125 0.04375
1 0.6296875 0.33125 0.01484375 0.0375
1 0.48046875 0.51484375 0.0171875 0.0328125
1 0.36171875 0.18359375 0.0125 0.038671875
4 0.48203125 0.61796875 0.023046875 0.017578125
1 0.525 0.24375 0.01953125 0.03203125
4 0.51328125 0.66484375 0.01875 0.0203125
1 0.465625 0.68671875 0.015234375 0.038671875
4 0.50234375 0.73203125 0.01875 0.0203125
1 0.4890625 0.44453125 0.02265625 0.029296875
4 0.60859375 0.59296875 0.023046875 0.023828125