5 0.6015625 0.40390625 0.015625 0.01484375
5 0.73515625 0.2859375 0.0125 0.0171875
5 0.65703125 0.3609375 0.01171875 0.0125
5 0.7328125 0.69609375 0.0125 0.02109375
5 0.76015625 0.47421875 0.00859375 0.02265625
5 0.734375 0.903125 0.01171875 0.01953125
5 0.70625 0.865625 0.01015625 0.0171875
5 0.62421875 0.57421875 0.0109375 0.021875
5 0.58984375 0.08359375 0.01484375 0.021875
5 0.5953125 0.48046875 0.0125 0.025
5 0.790625 0.921875 0.01015625 0.028125
5 0.87421875 0.678125 0.0109375 0.02421875
5 0.984375 0.85546875 0.01015625 0.0234375
5 0.58984375 0.19453125 0.0109375 0.0234375