5 0.58046875 0.44453125 0.0140625 0.023828125
5 0.79296875 0.503125 0.010546875 0.02578125
5 0.60078125 0.06953125 0.016796875 0.015625
5 0.653125 0.15703125 0.012890625 0.015625
5 0.77109375 0.3890625 0.0140625 0.016015625
5 0.67578125 0.3859375 0.0125 0.021484375
5 0.65703125 0.93984375 0.010546875 0.023828125
5 0.7359375 0.33671875 0.016015625 0.030078125
5 0.64765625 0.621875 0.010546875 0.021875
5 0.76953125 0.74765625 0.010546875 0.026953125
5 0.859375 0.8359375 0.012890625 0.016015625
5 0.85625 0.90234375 0.009375 0.023828125