2 0.54765625 0.5640625 0.01328125 0.02421875
2 0.36015625 0.54921875 0.0171875 0.0234375
2 0.61875 0.2984375 0.0125 0.02265625
2 0.6453125 0.465625 0.01171875 0.0265625
2 0.8328125 0.2765625 0.01484375 0.0234375
2 0.1890625 0.6734375 0.0125 0.02421875
2 0.39453125 0.59375 0.01015625 0.021875
2 0.79609375 0.31484375 0.015625 0.02265625
2 0.7859375 0.15703125 0.01484375 0.01953125
2 0.253125 0.6328125 0.00859375 0.0203125
2 0.53828125 0.3703125 0.01171875 0.02109375
2 0.8171875 0.21328125 0.0109375 0.0203125
2 0.709375 0.4125 0.0109375 0.01640625
2 0.7234375 0.2203125 0.0125 0.01953125
2 0.4203125 0.70390625 0.009375 0.0234375
2 0.4515625 0.45390625 0.01015625 0.02421875
2 0.3140625 0.55625 0.0140625 0.0203125
2 0.36796875 0.803125 0.0125 0.0171875
2 0.325 0.76171875 0.0109375 0.015625