5 0.1375 0.90390625 0.01484375 0.01953125
5 0.32109375 0.0828125 0.01328125 0.01796875
5 0.15859375 0.5953125 0.01640625 0.02265625
5 0.32578125 0.63359375 0.0140625 0.025
5 0.390625 0.3515625 0.01171875 0.02265625
5 0.28125 0.1734375 0.01015625 0.0296875
5 0.2765625 0.90390625 0.01328125 0.01875
5 0.03984375 0.615625 0.0109375 0.025
5 0.48203125 0.22890625 0.0109375 0.021875
5 0.14921875 0.4984375 0.00859375 0.0234375
5 0.40703125 0.12421875 0.0109375 0.02109375
5 0.2578125 0.39765625 0.01328125 0.0234375
5 0.3625 0.05625 0.01171875 0.025
5 0.15859375 0.43671875 0.01171875 0.01796875