1 0.24375 0.746875 0.02578125 0.034375
1 0.3703125 0.83125 0.0171875 0.0421875
1 0.840625 0.8046875 0.0296875 0.040625
1 0.2828125 0.45078125 0.01875 0.034375
1 0.1953125 0.4859375 0.0234375 0.021875
1 0.03203125 0.21796875 0.021875 0.025
1 0.009375 0.87421875 0.0171875 0.02265625
1 0.71171875 0.72421875 0.02421875 0.0359375
1 0.0328125 0.38671875 0.02734375 0.01953125
1 0.71875 0.95234375 0.01328125 0.04609375
1 0.346875 0.5046875 0.01796875 0.034375
1 0.37734375 0.65 0.01171875 0.046875
1 0.53984375 0.68515625 0.01953125 0.02109375
1 0.934375 0.834375 0.021875 0.034375
1 0.44921875 0.503125 0.01328125 0.03515625