2 0.28671875 0.534375 0.0125 0.021484375
2 0.48984375 0.6234375 0.016796875 0.033984375
2 0.359375 0.38125 0.015625 0.02421875
2 0.6625 0.740625 0.009765625 0.028515625
2 0.50546875 0.43828125 0.0125 0.0234375
2 0.028125 0.2359375 0.012890625 0.028125
2 0.38515625 0.58125 0.015625 0.022265625
2 0.24375 0.33203125 0.0125 0.0265625
2 0.1765625 0.28828125 0.012109375 0.0203125
2 0.4828125 0.5484375 0.0125 0.021875
2 0.015625 0.384375 0.01328125 0.02578125
2 0.07109375 0.2515625 0.0171875 0.025
2 0.52578125 0.6734375 0.013671875 0.021875
2 0.58125 0.428125 0.009765625 0.01953125
2 0.19765625 0.48828125 0.010546875 0.0234375
2 0.59609375 0.51015625 0.0109375 0.019921875
2 0.6 0.69375 0.012109375 0.01953125
2 0.01484375 0.3015625 0.013671875 0.021484375
2 0.0875 0.4140625 0.016015625 0.025