1 0.75 0.715625 0.025 0.021875
1 0.30234375 0.75703125 0.0171875 0.016796875
1 0.07265625 0.97578125 0.019921875 0.0375
1 0.4890625 0.86953125 0.012109375 0.040625
1 0.5625 0.6796875 0.01875 0.040234375
1 0.05234375 0.71015625 0.0140625 0.0359375
1 0.18984375 0.96953125 0.0109375 0.042578125
1 0.6375 0.65703125 0.025 0.023828125
1 0.11640625 0.71875 0.016796875 0.03828125
1 0.16171875 0.81875 0.015625 0.040234375
1 0.446875 0.68984375 0.01328125 0.0390625
1 0.196875 0.6609375 0.012109375 0.034375