1 0.84296875 0.928125 0.025 0.021875
1 0.0421875 0.6671875 0.028125 0.025
1 0.1046875 0.89921875 0.0234375 0.03515625
1 0.21796875 0.778125 0.0140625 0.04375
1 0.6515625 0.809375 0.025 0.0390625
1 0.22578125 0.94609375 0.0140625 0.04140625
1 0.371875 0.77265625 0.02109375 0.01875
1 0.73359375 0.81484375 0.025 0.03515625
1 0.52734375 0.765625 0.0234375 0.03671875
1 0.12109375 0.615625 0.01640625 0.03828125
1 0.18359375 0.65078125 0.0171875 0.03671875
1 0.2765625 0.6265625 0.01328125 0.0421875
1 0.5484375 0.97265625 0.01015625 0.0453125