2 0.25625 0.4328125 0.0125 0.0265625
2 0.3578125 0.60703125 0.01328125 0.01875
2 0.5984375 0.58828125 0.01640625 0.02578125
2 0.43671875 0.4421875 0.01875 0.03046875
2 0.45546875 0.50546875 0.0109375 0.02421875
2 0.53984375 0.4234375 0.0125 0.025
2 0.9078125 0.390625 0.0125 0.021875
2 0.88203125 0.5421875 0.01484375 0.01953125
2 0.7109375 0.5703125 0.0125 0.02890625
2 0.78125 0.56796875 0.0109375 0.01875
2 0.4546875 0.62109375 0.01015625 0.0203125
2 0.92421875 0.5328125 0.0140625 0.02578125
2 0.72578125 0.4 0.0109375 0.025
2 0.39453125 0.41484375 0.01484375 0.01875
2 0.32265625 0.4421875 0.0109375 0.021875
2 0.9234375 0.465625 0.01171875 0.015625
2 0.83828125 0.40546875 0.0140625 0.02109375
2 0.38671875 0.67421875 0.01171875 0.021875
2 0.6359375 0.40703125 0.0109375 0.0234375