3 0.3921875 0.21875 0.01640625 0.027734375
3 0.67734375 0.5171875 0.017578125 0.027734375
3 0.509375 0.3703125 0.015234375 0.025
3 0.23671875 0.44453125 0.015625 0.023828125
4 0.3078125 0.4171875 0.018359375 0.03359375
3 0.27265625 0.57421875 0.011328125 0.01875
3 0.45078125 0.5953125 0.0125 0.022265625
3 0.64140625 0.7515625 0.023046875 0.037109375
4 0.7875 0.5296875 0.012109375 0.03359375
4 0.92421875 0.53828125 0.017578125 0.034375
4 0.9375 0.6890625 0.018359375 0.025390625
4 0.9578125 0.75078125 0.012890625 0.023828125