1 0.36484375 0.23359375 0.011328125 0.036328125
1 0.4046875 0.11796875 0.012890625 0.044921875
1 0.63046875 0.08828125 0.013671875 0.0390625
1 0.45078125 0.0734375 0.011328125 0.04140625
1 0.47109375 0.146875 0.019921875 0.03671875
4 0.3875 0.49609375 0.01796875 0.017578125
1 0.5140625 0.4203125 0.015625 0.034375
4 0.4796875 0.56796875 0.02109375 0.017578125
4 0.55703125 0.934375 0.021875 0.028515625
1 0.5296875 0.58828125 0.018359375 0.035546875
4 0.51484375 0.525 0.020703125 0.025390625
4 0.49140625 0.63125 0.0203125 0.025
1 0.5046875 0.35 0.021875 0.025
4 0.51015625 0.98046875 0.020703125 0.025