4 0.384375 0.91171875 0.018359375 0.021875
1 0.52890625 0.63984375 0.014453125 0.0296875
4 0.415625 0.965625 0.01796875 0.01875
1 0.4328125 0.5578125 0.018359375 0.028125
1 0.2796875 0.50078125 0.01015625 0.0328125
1 0.3703125 0.9703125 0.015234375 0.03359375
1 0.49609375 0.53359375 0.010546875 0.035546875
1 0.38671875 0.8125 0.014453125 0.031640625
4 0.50078125 0.88984375 0.016796875 0.017578125
1 0.4265625 0.2125 0.01484375 0.047265625
1 0.39765625 0.74609375 0.0203125 0.019921875
1 0.45234375 0.490625 0.0109375 0.03671875