2 0.39765625 0.80390625 0.011328125 0.028125
2 0.55859375 0.5625 0.011328125 0.021484375
2 0.55859375 0.6390625 0.016796875 0.031640625
2 0.75390625 0.49296875 0.0109375 0.020703125
2 0.66796875 0.36015625 0.014453125 0.025
2 0.840625 0.21796875 0.01328125 0.023046875
2 0.5265625 0.6984375 0.015234375 0.025390625
2 0.659375 0.56796875 0.015625 0.0234375
2 0.98515625 0.1203125 0.0125 0.028515625
2 0.94140625 0.31640625 0.014453125 0.026171875
2 0.7765625 0.27734375 0.015234375 0.0265625
2 0.4546875 0.73671875 0.01015625 0.0171875
2 0.94375 0.15 0.01796875 0.027734375
2 0.525 0.4578125 0.0125 0.02265625
2 0.83828125 0.4203125 0.0109375 0.025390625
2 0.4421875 0.55546875 0.009375 0.01875
2 0.45 0.46953125 0.012109375 0.026171875