4 0.5796875 0.75234375 0.0171875 0.02421875
1 0.5703125 0.33828125 0.01328125 0.0328125
1 0.56484375 0.5890625 0.01796875 0.02890625
1 0.58046875 0.8125 0.0140625 0.03828125
1 0.61796875 0.35390625 0.01171875 0.03203125
1 0.565625 0.65703125 0.0109375 0.03359375
1 0.4203125 0.4296875 0.0140625 0.03046875
1 0.5640625 0.40625 0.0140625 0.03046875
4 0.6234375 0.78984375 0.015625 0.02109375
1 0.6671875 0.428125 0.01015625 0.03203125
4 0.60625 0.86484375 0.01484375 0.01953125
1 0.50546875 0.11171875 0.0125 0.0453125