5 0.665625 0.309375 0.01328125 0.016015625
5 0.81953125 0.60390625 0.0109375 0.01875
5 0.840625 0.23515625 0.015625 0.0234375
5 0.41796875 0.2625 0.0125 0.01953125
5 0.54609375 0.6125 0.013671875 0.021484375
5 0.93359375 0.615625 0.015625 0.016015625
5 0.51640625 0.49765625 0.0125 0.023828125
5 0.96953125 0.03671875 0.010546875 0.028125
5 0.7296875 0.0171875 0.009375 0.01875
5 0.5296875 0.13046875 0.01484375 0.023046875
5 0.50546875 0.10546875 0.011328125 0.0265625
5 0.671875 0.64453125 0.012109375 0.026171875