2 0.34453125 0.69140625 0.014453125 0.025
2 0.44375 0.40234375 0.015234375 0.0375
2 0.2390625 0.784375 0.01484375 0.025
2 0.00625 0.82265625 0.012109375 0.023828125
2 0.34765625 0.48359375 0.0125 0.0234375
2 0.17421875 0.64921875 0.011328125 0.023828125
2 0.07578125 0.9328125 0.0140625 0.028125
2 0.17734375 0.8515625 0.013671875 0.02734375
2 0.47265625 0.33671875 0.013671875 0.025
2 0.25859375 0.56640625 0.0109375 0.023046875
2 0.48671875 0.57578125 0.011328125 0.020703125
2 0.60078125 0.21875 0.0140625 0.03125
2 0.01484375 0.90234375 0.0125 0.021875
2 0.5453125 0.28984375 0.009765625 0.019921875
2 0.03515625 0.96484375 0.014453125 0.034375
2 0.44765625 0.4734375 0.011328125 0.01875
2 0.07421875 0.7671875 0.014453125 0.028125
2 0.56015625 0.5578125 0.010546875 0.027734375