2 0.74296875 0.39375 0.013671875 0.03125
2 0.60390625 0.89453125 0.0140625 0.029296875
2 0.7703125 0.7171875 0.012890625 0.021484375
2 0.9203125 0.20390625 0.02109375 0.03125
2 0.65 0.7109375 0.012109375 0.021875
2 0.70234375 0.9 0.013671875 0.02578125
2 0.87421875 0.19765625 0.013671875 0.025
2 0.5859375 0.9671875 0.015234375 0.02265625
2 0.6875 0.59453125 0.015625 0.0265625
2 0.8703125 0.390625 0.016015625 0.03046875
2 0.8109375 0.12890625 0.0125 0.025
2 0.9609375 0.14375 0.01484375 0.028515625
2 0.81953125 0.56328125 0.0109375 0.01875
2 0.98984375 0.0078125 0.0125 0.015625