1 0.62265625 0.61640625 0.014453125 0.0375
1 0.45546875 0.8203125 0.017578125 0.03515625
4 0.49453125 0.98359375 0.020703125 0.021875
1 0.50703125 0.521875 0.020703125 0.03203125
1 0.578125 0.49453125 0.0125 0.042578125
1 0.33203125 0.4609375 0.0140625 0.040234375
4 0.596875 0.90234375 0.021484375 0.019921875
1 0.49375 0.1296875 0.01953125 0.058984375
1 0.5265625 0.4453125 0.0125 0.043359375
4 0.45546875 0.93515625 0.0234375 0.0265625
1 0.4671875 0.74140625 0.025 0.03125
1 0.4453125 0.99296875 0.015625 0.0140625