5 0.24765625 0.93125 0.01875 0.016015625
5 0.21328125 0.83671875 0.0125 0.019921875
5 0.31015625 0.61875 0.013671875 0.01953125
5 0.1390625 0.5859375 0.015234375 0.01640625
5 0.3078125 0.146875 0.009765625 0.028515625
5 0.16328125 0.646875 0.0171875 0.021484375
5 0.1234375 0.08828125 0.012109375 0.025
5 0.13359375 0.47578125 0.013671875 0.026171875
5 0.21875 0.63125 0.015234375 0.016015625
5 0.2734375 0.43515625 0.012109375 0.0234375
5 0.18125 0.26796875 0.01171875 0.028125
5 0.11328125 0.146875 0.0140625 0.01328125
5 0.16015625 0.015625 0.0109375 0.03125