3 0.7625 0.3109375 0.0140625 0.02421875
3 0.6234375 0.30546875 0.0140625 0.0234375
3 0.39921875 0.4609375 0.01796875 0.0359375
3 0.59140625 0.54375 0.0109375 0.02109375
3 0.8171875 0.6546875 0.0140625 0.0265625
3 0.74296875 0.725 0.01328125 0.02265625
4 0.7671875 0.5546875 0.01796875 0.02421875
3 0.45390625 0.25 0.01484375 0.0265625
4 0.375 0.15390625 0.0125 0.0296875
4 0.28515625 0.03828125 0.0109375 0.03515625
4 0.18828125 0.1578125 0.01015625 0.02421875
4 0.225 0.12890625 0.0171875 0.01875
4 0.1015625 0.03046875 0.01484375 0.03046875