5 0.9421875 0.69296875 0.012109375 0.01875
5 0.75703125 0.06953125 0.0109375 0.020703125
5 0.34609375 0.9203125 0.011328125 0.015625
5 0.92421875 0.81640625 0.009375 0.01875
5 0.32109375 0.48203125 0.011328125 0.019921875
5 0.44921875 0.63828125 0.013671875 0.014453125
5 0.221875 0.61015625 0.009375 0.01875
5 0.503125 0.36328125 0.00703125 0.0171875
5 0.5796875 0.128125 0.009765625 0.015625
5 0.80703125 0.8234375 0.008203125 0.021484375
5 0.590625 0.89375 0.009765625 0.018359375
5 0.31875 0.81875 0.009765625 0.019140625
5 0.29765625 0.45859375 0.0078125 0.023046875
5 0.60703125 0.55859375 0.011328125 0.023046875
5 0.69140625 0.89921875 0.0140625 0.0171875
5 0.459375 0.93984375 0.01171875 0.026171875
5 0.72265625 0.3640625 0.0078125 0.01640625