1 0.60703125 0.340625 0.021875 0.019140625
1 0.62421875 0.265625 0.0234375 0.01875
1 0.55234375 0.40546875 0.0171875 0.026953125
1 0.5890625 0.2375 0.018359375 0.03203125
1 0.7671875 0.20390625 0.027734375 0.026171875
4 0.41953125 0.3796875 0.014453125 0.031640625
4 0.19296875 0.125 0.017578125 0.034765625
1 0.45234375 0.17890625 0.0203125 0.023828125
4 0.18125 0.19609375 0.015625 0.033203125
1 0.3671875 0.16328125 0.01875 0.026171875
1 0.4875 0.1921875 0.012890625 0.03515625
4 0.4 0.1796875 0.015625 0.037109375
4 0.3703125 0.2421875 0.012890625 0.037109375
4 0.334375 0.21484375 0.015234375 0.036328125
4 0.14921875 0.090625 0.016796875 0.041015625