2 0.89375 0.64609375 0.012890625 0.028125
2 0.7453125 0.378125 0.012890625 0.028515625
2 0.60625 0.58359375 0.01328125 0.026171875
2 0.7078125 0.47578125 0.0125 0.026171875
2 0.20625 0.584375 0.012109375 0.024609375
2 0.8296875 0.21953125 0.012890625 0.026953125
2 0.4703125 0.4796875 0.009765625 0.021484375
2 0.37109375 0.7203125 0.011328125 0.02265625
2 0.096875 0.75546875 0.012890625 0.028125
2 0.09375 0.2484375 0.0125 0.02265625
2 0.32265625 0.4625 0.0140625 0.02421875
2 0.22890625 0.365625 0.013671875 0.022265625
2 0.88359375 0.40546875 0.014453125 0.023046875
2 0.759375 0.625 0.015625 0.02421875
2 0.63359375 0.65625 0.013671875 0.025390625
2 0.821875 0.44296875 0.012109375 0.017578125
2 0.43125 0.67578125 0.01328125 0.020703125