5 0.75390625 0.465625 0.011328125 0.018359375
5 0.8328125 0.50703125 0.01015625 0.023046875
5 0.66796875 0.4796875 0.0125 0.01484375
5 0.78203125 0.6625 0.009375 0.01875
5 0.60703125 0.9234375 0.0078125 0.021875
5 0.81015625 0.2 0.016796875 0.012890625
5 0.76953125 0.2765625 0.0109375 0.015625
5 0.69921875 0.4328125 0.011328125 0.021484375
5 0.784375 0.93359375 0.009765625 0.023046875
5 0.6015625 0.8671875 0.009765625 0.015625
5 0.63984375 0.99375 0.009375 0.0125
5 0.68125 0.78125 0.008984375 0.021875
5 0.65078125 0.5765625 0.0078125 0.022265625