2 0.45234375 0.5640625 0.013671875 0.024609375
2 0.63984375 0.54921875 0.0171875 0.0234375
2 0.38125 0.2984375 0.0125 0.022265625
2 0.3546875 0.465625 0.012109375 0.02578125
2 0.1671875 0.2765625 0.015234375 0.02265625
2 0.8109375 0.6734375 0.0125 0.024609375
2 0.60546875 0.59375 0.010546875 0.021875
2 0.20390625 0.31484375 0.015625 0.023046875
2 0.2140625 0.15703125 0.015234375 0.019921875
2 0.746875 0.6328125 0.008984375 0.02109375
2 0.46171875 0.3703125 0.011328125 0.021484375
2 0.1828125 0.21328125 0.01015625 0.0203125
2 0.290625 0.4125 0.01171875 0.016015625
2 0.2765625 0.2203125 0.0125 0.019140625
2 0.5796875 0.70390625 0.009375 0.0234375
2 0.5484375 0.45390625 0.009765625 0.023828125
2 0.6859375 0.55625 0.01484375 0.01953125
2 0.63203125 0.803125 0.0125 0.01796875
2 0.675 0.76171875 0.01171875 0.015625