2 0.30625 0.184375 0.015625 0.028515625
2 0.57109375 0.8515625 0.013671875 0.02890625
2 0.47890625 0.840625 0.013671875 0.025
2 0.4546875 0.36796875 0.012890625 0.029296875
2 0.4234375 0.66015625 0.0125 0.023046875
2 0.5078125 0.959375 0.015234375 0.025
2 0.5328125 0.66875 0.012109375 0.021875
2 0.58671875 0.92578125 0.013671875 0.023828125
2 0.5 0.5546875 0.01328125 0.028125
2 0.2546875 0.0109375 0.009375 0.021875
2 0.5515625 0.95546875 0.01015625 0.021875
2 0.38515625 0.515625 0.0109375 0.021484375
2 0.3453125 0.35625 0.01484375 0.02578125
2 0.34609375 0.18046875 0.014453125 0.026171875
2 0.4015625 0.1171875 0.012890625 0.025
2 0.2765625 0.134375 0.01484375 0.025