4 0.1734375 0.18359375 0.012890625 0.034375
4 0.13203125 0.21171875 0.013671875 0.03125
1 0.3015625 0.23515625 0.015625 0.0359375
4 0.2046875 0.2484375 0.015234375 0.0375
1 0.45390625 0.15 0.023828125 0.025
1 0.43046875 0.06484375 0.021875 0.023828125
1 0.16953125 0.27109375 0.0203125 0.026953125
1 0.2625 0.24921875 0.01953125 0.0265625
1 0.43984375 0.4578125 0.019921875 0.021484375
1 0.41328125 0.18125 0.019921875 0.034375
1 0.61015625 0.2125 0.0296875 0.031640625
4 0.2234375 0.021875 0.012890625 0.0375