2 0.86796875 0.23515625 0.0125 0.026953125
2 0.74375 0.51640625 0.012890625 0.0234375
2 0.4796875 0.57578125 0.0125 0.020703125
2 0.2390625 0.79140625 0.012109375 0.026171875
2 0.81875 0.22421875 0.0125 0.0203125
2 0.72265625 0.621875 0.0109375 0.018359375
2 0.55625 0.74921875 0.012109375 0.025
2 0.6828125 0.3359375 0.01484375 0.022265625
2 0.5796875 0.51796875 0.012109375 0.0265625
2 0.83828125 0.025 0.015625 0.02421875
2 0.93515625 0.05390625 0.016796875 0.017578125
2 0.3390625 0.67890625 0.012890625 0.021875
2 0.30703125 0.93046875 0.011328125 0.019921875