2 0.43515625 0.76796875 0.0109375 0.0203125
2 0.546875 0.821875 0.01171875 0.01953125
2 0.57578125 0.92421875 0.0109375 0.0234375
2 0.51953125 0.47265625 0.013671875 0.0203125
2 0.48203125 0.5234375 0.0109375 0.021484375
2 0.415625 0.3546875 0.0125 0.022265625
2 0.35703125 0.29375 0.013671875 0.021484375
2 0.49453125 0.25703125 0.0125 0.028125
2 0.38828125 0.1546875 0.0078125 0.02265625
2 0.26171875 0.15546875 0.0140625 0.021875
2 0.36171875 0.04765625 0.0109375 0.026171875
2 0.49453125 0.01875 0.016796875 0.02421875