5 0.75703125 0.63125 0.013671875 0.016015625
5 0.62265625 0.81171875 0.008203125 0.026171875
5 0.4078125 0.25234375 0.012109375 0.0171875
5 0.3765625 0.04140625 0.012890625 0.019921875
5 0.74765625 0.98203125 0.0109375 0.0203125
5 0.83984375 0.103125 0.011328125 0.027734375
5 0.453125 0.88828125 0.012890625 0.0140625
5 0.40390625 0.4765625 0.008203125 0.024609375
5 0.43984375 0.64609375 0.011328125 0.01875
5 0.6171875 0.51328125 0.012109375 0.023828125
5 0.6890625 0.253125 0.012890625 0.021875
5 0.8609375 0.428125 0.0125 0.025390625