5 0.78359375 0.99140625 0.011328125 0.0171875
5 0.50703125 0.24609375 0.0109375 0.01875
5 0.51875 0.203125 0.0125 0.0125
5 0.4296875 0.4875 0.009375 0.02578125
5 0.61328125 0.9609375 0.011328125 0.015625
5 0.42734375 0.07890625 0.011328125 0.01875
5 0.59140625 0.56171875 0.011328125 0.014453125
5 0.31484375 0.26875 0.0109375 0.01875
5 0.490625 0.76953125 0.015234375 0.01875
5 0.25859375 0.328125 0.0125 0.02421875
5 0.29140625 0.771875 0.0109375 0.01796875
5 0.73203125 0.67734375 0.008203125 0.0234375
5 0.29921875 0.959375 0.011328125 0.028515625
5 0.25703125 0.5359375 0.014453125 0.019140625