1 0.86484375 0.60625 0.0265625 0.04453125
1 0.8203125 0.70234375 0.0234375 0.01953125
1 0.69765625 0.56953125 0.02578125 0.03203125
1 0.1390625 0.54765625 0.01953125 0.03125
1 0.61640625 0.55 0.01484375 0.0375
1 0.62890625 0.63125 0.0265625 0.0265625
1 0.790625 0.60546875 0.01953125 0.03671875
1 0.309375 0.56171875 0.0140625 0.046875
1 0.08203125 0.60859375 0.01875 0.05078125
1 0.05625 0.54765625 0.01640625 0.02890625
1 0.4875 0.6453125 0.02265625 0.0203125
1 0.48515625 0.55546875 0.01484375 0.02890625
1 0.20546875 0.628125 0.0140625 0.0171875