2 0.46640625 0.45859375 0.011328125 0.020703125
2 0.884375 0.62109375 0.012109375 0.026171875
2 0.60234375 0.56171875 0.013671875 0.023046875
2 0.73984375 0.35859375 0.0125 0.028125
2 0.62890625 0.63203125 0.013671875 0.0265625
2 0.23046875 0.34609375 0.013671875 0.025
2 0.37109375 0.69609375 0.011328125 0.0234375
2 0.8234375 0.2046875 0.012890625 0.027734375
2 0.753125 0.60390625 0.012890625 0.0234375
2 0.325 0.4421875 0.012109375 0.02265625
2 0.20859375 0.56171875 0.0109375 0.0234375
2 0.87578125 0.38828125 0.0140625 0.0234375
2 0.70234375 0.45625 0.0140625 0.027734375
2 0.8140625 0.4234375 0.015625 0.015234375
2 0.43046875 0.6515625 0.013671875 0.021484375
2 0.1015625 0.7296875 0.0125 0.024609375
2 0.0984375 0.23203125 0.012109375 0.0203125