2 0.65859375 0.49765625 0.0109375 0.02421875
2 0.46953125 0.4375 0.01171875 0.0234375
2 0.19453125 0.58984375 0.01328125 0.0265625
2 0.55390625 0.56875 0.01484375 0.028125
2 0.371875 0.50859375 0.01875 0.02578125
2 0.64609375 0.32578125 0.0125 0.02109375
2 0.26171875 0.56484375 0.009375 0.0171875
2 0.8578125 0.35546875 0.015625 0.02421875
2 0.40078125 0.5609375 0.01171875 0.02109375
2 0.36015625 0.76171875 0.01171875 0.01953125
2 0.8203125 0.22578125 0.0140625 0.0203125
2 0.32109375 0.7078125 0.0109375 0.01640625
2 0.41953125 0.67421875 0.009375 0.01875
2 0.846875 0.290625 0.01171875 0.0203125
2 0.75703125 0.275 0.01015625 0.01640625
2 0.72578125 0.46015625 0.01171875 0.01875
2 0.5609375 0.3765625 0.0109375 0.02265625
2 0.3265625 0.50390625 0.0125 0.01875
2 0.81953125 0.38515625 0.01640625 0.02109375