5 0.9390625 0.7640625 0.012109375 0.03125
5 0.79140625 0.265625 0.016796875 0.021484375
5 0.928125 0.45625 0.009765625 0.021875
5 0.88984375 0.23828125 0.0125 0.020703125
5 0.734375 0.77109375 0.012890625 0.029296875
5 0.98203125 0.278125 0.013671875 0.028515625
5 0.72734375 0.70625 0.0125 0.01796875
5 0.82578125 0.20859375 0.013671875 0.0234375
5 0.90078125 0.021875 0.0140625 0.01796875
5 0.6609375 0.9578125 0.012109375 0.02265625
5 0.77578125 0.37578125 0.0125 0.0296875
5 0.7734375 0.85234375 0.0125 0.028125
5 0.8171875 0.59921875 0.01015625 0.0265625