1 0.80078125 0.82578125 0.017578125 0.0265625
4 0.4296875 0.3078125 0.015234375 0.03359375
1 0.60859375 0.71171875 0.0109375 0.0359375
4 0.4703125 0.27578125 0.016015625 0.033203125
1 0.66640625 0.94921875 0.0109375 0.033203125
1 0.5640625 0.98828125 0.01015625 0.0234375
4 0.46015625 0.2 0.0171875 0.030859375
1 0.56171875 0.5765625 0.010546875 0.0375
4 0.528125 0.5484375 0.012890625 0.027734375
4 0.51640625 0.1125 0.0140625 0.030859375
4 0.57421875 0.63515625 0.015625 0.0296875
1 0.625 0.7734375 0.01328125 0.03359375
4 0.52890625 0.628125 0.014453125 0.03046875