5 0.15546875 0.0609375 0.016796875 0.015234375
5 0.5171875 0.8484375 0.0125 0.018359375
5 0.4421875 0.08046875 0.009375 0.0140625
5 0.496875 0.81484375 0.009375 0.023828125
5 0.31171875 0.92265625 0.013671875 0.01875
5 0.37265625 0.6421875 0.007421875 0.021875
5 0.5078125 0.4625 0.01015625 0.015234375
5 0.2453125 0.90546875 0.009765625 0.017578125
5 0.184375 0.46953125 0.009765625 0.016796875
5 0.19921875 0.71328125 0.013671875 0.0140625
5 0.61328125 0.2625 0.0078125 0.024609375
5 0.36953125 0.340625 0.0109375 0.027734375
5 0.14921875 0.290625 0.008203125 0.025390625