2 0.25625 0.5671875 0.0125 0.02734375
2 0.3578125 0.39296875 0.012890625 0.01875
2 0.5984375 0.41171875 0.016015625 0.026171875
2 0.43671875 0.5578125 0.01875 0.030859375
2 0.45546875 0.49453125 0.0109375 0.023828125
2 0.53984375 0.5765625 0.0125 0.025
2 0.9078125 0.609375 0.0125 0.021875
2 0.88203125 0.4578125 0.014453125 0.019140625
2 0.7109375 0.4296875 0.0125 0.028515625
2 0.78125 0.43203125 0.01171875 0.01875
2 0.4546875 0.37890625 0.009765625 0.0203125
2 0.92421875 0.4671875 0.0140625 0.025390625
2 0.72578125 0.6 0.0109375 0.025
2 0.39453125 0.58515625 0.014453125 0.01875
2 0.32265625 0.5578125 0.0109375 0.021875
2 0.9234375 0.534375 0.012109375 0.015625
2 0.83828125 0.59453125 0.0140625 0.020703125
2 0.38671875 0.32578125 0.011328125 0.021875
2 0.6359375 0.59296875 0.01015625 0.0234375