1 0.6796875 0.403125 0.012890625 0.040234375
1 0.8671875 0.37890625 0.015234375 0.044921875
1 0.91640625 0.42421875 0.0140625 0.045703125
1 0.846875 0.45625 0.022265625 0.033984375
4 0.8390625 0.88671875 0.021875 0.021875
1 0.83359375 0.08046875 0.020703125 0.055078125
4 0.82265625 0.946875 0.026171875 0.01875
4 0.8046875 0.84609375 0.021875 0.023046875
1 0.81015625 0.66484375 0.023828125 0.026953125
1 0.953125 0.5375 0.01796875 0.0375
4 0.93671875 0.8109375 0.026953125 0.024609375
1 0.78984375 0.91640625 0.0140625 0.0375
1 0.80234375 0.740625 0.0203125 0.0375