2 0.33203125 0.63046875 0.0140625 0.030078125
2 0.94375 0.44921875 0.0125 0.023046875
2 0.78515625 0.46328125 0.009375 0.023828125
2 0.8953125 0.728125 0.012890625 0.024609375
2 0.4890625 0.3484375 0.012890625 0.025390625
2 0.340625 0.375 0.0125 0.021484375
2 0.5296875 0.45390625 0.012109375 0.025
2 0.4765625 0.61171875 0.016015625 0.026171875
2 0.61015625 0.64921875 0.014453125 0.028125
2 0.4078125 0.41796875 0.012109375 0.020703125
2 0.6375 0.571875 0.012890625 0.025
2 0.828125 0.678125 0.015234375 0.02421875
2 0.4 0.17421875 0.012890625 0.029296875