5 0.41953125 0.55546875 0.0140625 0.023828125
5 0.20703125 0.496875 0.010546875 0.02578125
5 0.39921875 0.93046875 0.016796875 0.015625
5 0.346875 0.84296875 0.012890625 0.015625
5 0.22890625 0.6109375 0.0140625 0.016015625
5 0.32421875 0.6140625 0.0125 0.021484375
5 0.34296875 0.06015625 0.010546875 0.023828125
5 0.2640625 0.66328125 0.016015625 0.030078125
5 0.35234375 0.378125 0.010546875 0.021875
5 0.23046875 0.25234375 0.010546875 0.026953125
5 0.140625 0.1640625 0.012890625 0.016015625
5 0.14375 0.09765625 0.009375 0.023828125