1 0.7296875 0.675 0.01875 0.015625
1 0.7328125 0.3328125 0.01875 0.0234375
1 0.678125 0.734375 0.01640625 0.025
1 0.7484375 0.60078125 0.01875 0.01875
4 0.50625 0.58125 0.01328125 0.03125
1 0.5828125 0.5203125 0.01796875 0.02265625
1 0.71328125 0.57421875 0.015625 0.028125
4 0.334375 0.47265625 0.01328125 0.0296875
1 0.61640625 0.5328125 0.01171875 0.0328125
1 0.503125 0.50625 0.01875 0.02421875
4 0.471875 0.5546875 0.0125 0.025
1 0.8828125 0.5421875 0.02421875 0.028125
4 0.2875 0.33515625 0.01328125 0.02890625
4 0.32265625 0.540625 0.0140625 0.0296875
4 0.5328125 0.5234375 0.0125 0.0328125
4 0.29765625 0.4421875 0.01328125 0.03125
4 0.2140625 0.29921875 0.01328125 0.03046875