2 0.6953125 0.08203125 0.0125 0.0234375
2 0.1828125 0.884375 0.01484375 0.025
2 0.61015625 0.13984375 0.01328125 0.02421875
2 0.57890625 0.42265625 0.0140625 0.028125
2 0.50546875 0.56953125 0.01328125 0.02890625
2 0.63125 0.33359375 0.01328125 0.0203125
2 0.696875 0.18984375 0.01640625 0.025
2 0.72265625 0.1328125 0.01328125 0.0203125
2 0.5234375 0.27734375 0.01328125 0.025
2 0.3234375 0.6640625 0.02109375 0.02421875
2 0.65625 0.046875 0.015625 0.0203125
2 0.36484375 0.6890625 0.01171875 0.02265625
2 0.23671875 0.80546875 0.00859375 0.028125
2 0.41015625 0.7765625 0.015625 0.025
2 0.39375 0.51875 0.01171875 0.025
2 0.28125 0.696875 0.0140625 0.02421875
2 0.328125 0.8875 0.0109375 0.0203125
2 0.4625 0.39140625 0.0125 0.02421875
2 0.378125 0.90234375 0.01640625 0.01640625