5 0.31796875 0.82890625 0.013671875 0.017578125
5 0.6828125 0.26953125 0.012109375 0.014453125
5 0.3484375 0.4125 0.009375 0.025
5 0.35234375 0.6265625 0.014453125 0.015625
5 0.55703125 0.09765625 0.0078125 0.0234375
5 0.396875 0.0203125 0.016015625 0.012890625
5 0.7609375 0.76953125 0.01015625 0.023046875
5 0.38125 0.246875 0.0125 0.015234375
5 0.7796875 0.4625 0.00859375 0.021484375
5 0.6171875 0.62578125 0.009765625 0.016796875
5 0.37890625 0.89765625 0.010546875 0.0234375
5 0.55078125 0.38046875 0.0109375 0.026953125