1 0.29375 0.75859375 0.02265625 0.02109375
1 0.5546875 0.596875 0.01953125 0.034375
1 0.63203125 0.82109375 0.02109375 0.0265625
1 0.12890625 0.784375 0.02109375 0.0421875
1 0.1046875 0.58203125 0.01328125 0.04140625
1 0.39609375 0.8921875 0.0140625 0.03828125
1 0.78828125 0.85390625 0.02265625 0.0203125
1 0.48984375 0.8546875 0.01640625 0.03984375
1 0.5546875 0.8828125 0.0171875 0.03984375
1 0.4328125 0.56640625 0.0140625 0.0375
1 0.00703125 0.75859375 0.0140625 0.040625
1 0.00546875 0.378125 0.0109375 0.02578125
1 0.44921875 0.73203125 0.0125 0.04140625
1 0.75 0.40859375 0.015625 0.0171875