2 0.41015625 0.58671875 0.01328125 0.03125
2 0.46953125 0.4046875 0.0140625 0.02890625
2 0.2359375 0.75078125 0.01875 0.03125
2 0.28046875 0.76171875 0.01484375 0.025
2 0.559375 0.12578125 0.0125 0.028125
2 0.3953125 0.278125 0.01328125 0.02265625
2 0.578125 0.059375 0.01484375 0.0234375
2 0.465625 0.1109375 0.0140625 0.0234375
2 0.19609375 0.80078125 0.01484375 0.028125
2 0.33828125 0.8390625 0.0109375 0.025
2 0.54765625 0.01640625 0.01171875 0.025
2 0.5109375 0.29765625 0.0125 0.021875
2 0.16484375 0.93125 0.01015625 0.02578125
2 0.2890625 0.57578125 0.01328125 0.028125
2 0.34453125 0.41875 0.01171875 0.02421875
2 0.3203125 0.9734375 0.0171875 0.02109375
2 0.26796875 0.97734375 0.01328125 0.02421875