5 0.5609375 0.903125 0.01484375 0.018359375
5 0.78046875 0.3265625 0.0109375 0.02109375
5 0.73125 0.615625 0.012890625 0.025
5 0.86484375 0.19296875 0.0109375 0.0234375
5 0.7875 0.1015625 0.012109375 0.01875
5 0.69375 0.0734375 0.012890625 0.015234375
5 0.6953125 0.88671875 0.015234375 0.019921875
5 0.6578125 0.1671875 0.009765625 0.022265625
5 0.440625 0.63359375 0.008984375 0.021875
5 0.5609375 0.5984375 0.01484375 0.021484375
5 0.5421875 0.5046875 0.00859375 0.022265625
5 0.5484375 0.44375 0.01015625 0.016015625
5 0.65 0.3921875 0.009375 0.02265625
5 0.73515625 0.040625 0.0109375 0.025390625