5 0.05859375 0.54609375 0.016796875 0.023046875
5 0.5140625 0.31875 0.015625 0.019140625
5 0.23828125 0.6625 0.014453125 0.01953125
5 0.7171875 0.565625 0.01640625 0.018359375
5 0.7015625 0.153125 0.0125 0.02421875
5 0.69453125 0.275 0.008203125 0.024609375
5 0.584375 0.58515625 0.0125 0.0203125
5 0.34140625 0.2359375 0.015625 0.021484375
5 0.5984375 0.6328125 0.012890625 0.021875
5 0.3796875 0.5234375 0.00859375 0.02109375
5 0.6 0.01640625 0.01171875 0.029296875
5 0.17421875 0.3046875 0.011328125 0.028515625