3 0.45078125 0.65546875 0.0171875 0.030078125
3 0.31015625 0.72578125 0.0140625 0.0234375
4 0.61796875 0.25703125 0.014453125 0.0296875
3 0.44921875 0.7734375 0.013671875 0.024609375
3 0.1703125 0.84375 0.01484375 0.01796875
4 0.6546875 0.95625 0.01484375 0.015625
3 0.46875 0.88984375 0.012890625 0.021875
4 0.6625 0.24140625 0.0125 0.029296875
4 0.7421875 0.91328125 0.018359375 0.01875
3 0.31171875 0.82890625 0.0125 0.021875
4 0.734375 0.5546875 0.01171875 0.01875
4 0.76484375 0.75703125 0.0140625 0.028125