1 0.378125 0.2203125 0.02265625 0.02578125
4 0.31484375 0.85390625 0.025 0.02265625
4 0.24453125 0.9 0.02109375 0.021875
1 0.33515625 0.46484375 0.01796875 0.03671875
1 0.52734375 0.13046875 0.0171875 0.03359375
4 0.26953125 0.81640625 0.02109375 0.0234375
1 0.4265625 0.02265625 0.02265625 0.028125
1 0.496875 0.01484375 0.0109375 0.0296875
4 0.35234375 0.4 0.01953125 0.01953125
1 0.36171875 0.290625 0.01875 0.0359375
4 0.35234375 0.5265625 0.0203125 0.02109375
4 0.1625 0.8859375 0.021875 0.02578125
4 0.3859375 0.46796875 0.021875 0.01953125