1 0.49609375 0.809375 0.015625 0.033984375
1 0.53359375 0.78125 0.021875 0.022265625
1 0.51328125 0.7046875 0.023046875 0.021484375
1 0.459375 0.64140625 0.015625 0.028125
4 0.0953125 0.92578125 0.01875 0.035546875
4 0.05078125 0.95859375 0.014453125 0.034375
4 0.0796875 0.8546875 0.018359375 0.037109375
1 0.27265625 0.884375 0.017578125 0.025
1 0.675 0.8421875 0.028125 0.025390625
4 0.30625 0.86171875 0.012109375 0.030078125
1 0.39453125 0.8546875 0.0140625 0.034765625
4 0.23828125 0.8328125 0.015625 0.034375
4 0.27578125 0.80703125 0.016796875 0.036328125
4 0.32421875 0.6671875 0.0140625 0.0375
1 0.3578125 0.86953125 0.016015625 0.0234375