5 0.690625 0.03359375 0.012890625 0.016796875
5 0.6671875 0.8265625 0.012890625 0.015625
5 0.790625 0.375 0.012109375 0.025
5 0.8046875 0.11953125 0.0125 0.0234375
5 0.65078125 0.728125 0.008203125 0.024609375
5 0.75390625 0.846875 0.010546875 0.01796875
5 0.63984375 0.3015625 0.011328125 0.028125
5 0.5390625 0.21015625 0.009765625 0.023828125
5 0.69765625 0.875 0.011328125 0.021875
5 0.60703125 0.378125 0.010546875 0.025
5 0.8359375 0.8078125 0.012890625 0.022265625
5 0.784375 0.6515625 0.01171875 0.019140625
5 0.60078125 0.43515625 0.0109375 0.014453125
5 0.6828125 0.528125 0.009375 0.024609375