1 0.48046875 0.9484375 0.0234375 0.02109375
4 0.253125 0.76796875 0.0140625 0.03515625
1 0.5046875 0.86796875 0.02421875 0.02265625
1 0.4640625 0.834375 0.0171875 0.0359375
1 0.49296875 0.55859375 0.01953125 0.025
4 0.03203125 0.69609375 0.0171875 0.03828125
1 0.31484375 0.7625 0.01953125 0.028125
4 0.2265625 0.8296875 0.01328125 0.0359375
1 0.35546875 0.7796875 0.015625 0.03671875
4 0.18515625 0.796875 0.0125 0.03203125
4 0.00703125 0.7765625 0.0140625 0.0359375
1 0.6609375 0.8078125 0.02890625 0.03125
1 0.221875 0.7421875 0.01953125 0.0296875
4 0.27421875 0.98515625 0.0109375 0.0296875