5 0.66796875 0.16484375 0.0140625 0.01484375
5 0.490625 0.64453125 0.01171875 0.01328125
5 0.73359375 0.175 0.01015625 0.01875
5 0.46796875 0.26640625 0.0125 0.01796875
5 0.48984375 0.296875 0.01171875 0.0203125
5 0.8546875 0.778125 0.0109375 0.021875
5 0.52109375 0.08203125 0.009375 0.01796875
5 0.81328125 0.60234375 0.009375 0.01640625
5 0.61953125 0.4546875 0.00703125 0.0203125
5 0.3953125 0.86171875 0.00703125 0.025
5 0.63515625 0.7546875 0.0125 0.0265625
5 0.78828125 0.3609375 0.01328125 0.01328125