1 0.37734375 0.38359375 0.01484375 0.0375
1 0.54453125 0.1796875 0.01796875 0.0359375
4 0.50546875 0.01640625 0.02109375 0.021875
1 0.49296875 0.478125 0.02109375 0.0328125
1 0.421875 0.50546875 0.0125 0.04296875
1 0.66796875 0.5390625 0.0140625 0.03984375
4 0.403125 0.09765625 0.02109375 0.01953125
1 0.50625 0.8703125 0.0203125 0.05859375
1 0.4734375 0.5546875 0.0125 0.04296875
4 0.54453125 0.06484375 0.0234375 0.0265625
1 0.5328125 0.25859375 0.025 0.03125
1 0.5546875 0.00703125 0.015625 0.0140625