2 0.67734375 0.12734375 0.0140625 0.0296875
2 0.5421875 0.15 0.01484375 0.025
2 0.4921875 0.30625 0.01015625 0.025
2 0.61640625 0.56640625 0.0125 0.026171875
2 0.53046875 0.4078125 0.011328125 0.025390625
2 0.14453125 0.04921875 0.013671875 0.023046875
2 0.3890625 0.19375 0.01484375 0.027734375
2 0.671875 0.3765625 0.012890625 0.021484375
2 0.41484375 0.1171875 0.0125 0.02734375
2 0.0046875 0.41640625 0.008984375 0.0234375
2 0.2078125 0.0953125 0.012109375 0.022265625
2 0.6078125 0.33984375 0.012109375 0.014453125
2 0.24921875 0.303125 0.011328125 0.021875
2 0.0984375 0.3171875 0.015234375 0.022265625