5 0.1703125 0.26328125 0.018359375 0.01875
5 0.565625 0.8796875 0.0125 0.01484375
5 0.678125 0.94453125 0.0125 0.0171875
5 0.56953125 0.8296875 0.013671875 0.01875
5 0.7515625 0.70078125 0.009375 0.0234375
5 0.2765625 0.540625 0.0125 0.018359375
5 0.60234375 0.55234375 0.0109375 0.023828125
5 0.43203125 0.5734375 0.008203125 0.01875
5 0.3421875 0.20078125 0.0125 0.0171875
5 0.64453125 0.0265625 0.0109375 0.025
5 0.49375 0.31796875 0.016015625 0.015625
5 0.76171875 0.409375 0.014453125 0.025
5 0.79609375 0.61328125 0.011328125 0.025
5 0.68359375 0.20390625 0.009375 0.023046875