1 0.8703125 0.1609375 0.01484375 0.044140625
1 0.9203125 0.20546875 0.015234375 0.0453125
1 0.684375 0.18203125 0.01328125 0.0390625
1 0.8515625 0.23671875 0.025 0.0359375
4 0.84296875 0.67109375 0.023046875 0.023046875
1 0.959375 0.321875 0.01953125 0.03671875
1 0.80703125 0.51953125 0.017578125 0.038671875
4 0.8078125 0.6296875 0.024609375 0.025
4 0.94140625 0.596875 0.023046875 0.021484375
4 0.82734375 0.73203125 0.023046875 0.020703125
1 0.81640625 0.44765625 0.021875 0.025
1 0.7921875 0.7 0.01640625 0.040234375