5 0.82734375 0.63828125 0.0109375 0.019921875
5 0.8734375 0.83515625 0.01015625 0.01875
5 0.7328125 0.4046875 0.015625 0.021875
5 0.5328125 0.2484375 0.012890625 0.024609375
5 0.9265625 0.71015625 0.008984375 0.023828125
5 0.79453125 0.909375 0.011328125 0.01875
5 0.653125 0.1859375 0.012890625 0.016015625
5 0.9546875 0.97734375 0.0125 0.0171875
5 0.8375 0.91640625 0.009375 0.0234375
5 0.46953125 0.54609375 0.009375 0.023828125
5 0.5828125 0.5125 0.015234375 0.018359375
5 0.5828125 0.6046875 0.009375 0.021875
5 0.5984375 0.6578125 0.01015625 0.019140625
5 0.7 0.6484375 0.012109375 0.022265625
5 0.7453125 0.84609375 0.012890625 0.025