2 0.60234375 0.19609375 0.011328125 0.028125
2 0.44140625 0.4375 0.011328125 0.021484375
2 0.44140625 0.3609375 0.016796875 0.031640625
2 0.24609375 0.50703125 0.0109375 0.020703125
2 0.33203125 0.63984375 0.014453125 0.025
2 0.159375 0.78203125 0.01328125 0.023046875
2 0.4734375 0.3015625 0.015234375 0.025390625
2 0.340625 0.43203125 0.015625 0.0234375
2 0.01484375 0.8796875 0.0125 0.028515625
2 0.05859375 0.68359375 0.014453125 0.026171875
2 0.2234375 0.72265625 0.015234375 0.0265625
2 0.5453125 0.26328125 0.01015625 0.0171875
2 0.05625 0.85 0.01796875 0.027734375
2 0.475 0.5421875 0.0125 0.02265625
2 0.16171875 0.5796875 0.0109375 0.025390625
2 0.5578125 0.44453125 0.009375 0.01875
2 0.55 0.53046875 0.012109375 0.026171875