1 0.11640625 0.64140625 0.0171875 0.023046875
4 0.14765625 0.45078125 0.0125 0.03125
1 0.01953125 0.428125 0.016796875 0.024609375
1 0.08203125 0.628125 0.011328125 0.03125
1 0.196875 0.6546875 0.018359375 0.021875
4 0.16640625 0.6375 0.0109375 0.03046875
4 0.1921875 0.58125 0.012109375 0.028515625
4 0.22734375 0.60625 0.0125 0.024609375
4 0.375 0.62421875 0.012890625 0.030078125
4 0.40078125 0.71953125 0.011328125 0.03125
4 0.36328125 0.690625 0.011328125 0.030859375
4 0.41015625 0.8296875 0.011328125 0.028515625
4 0.484375 0.86171875 0.012109375 0.0296875