5 0.4703125 0.3421875 0.01015625 0.0265625
5 0.50859375 0.18359375 0.0125 0.01953125
5 0.5109375 0.5390625 0.00859375 0.0234375
5 0.48125 0.2390625 0.0125 0.01640625
5 0.5671875 0.0078125 0.01015625 0.01484375
5 0.653125 0.928125 0.01171875 0.02109375
5 0.6046875 0.39609375 0.00859375 0.01640625
5 0.43828125 0.646875 0.0109375 0.0140625
5 0.38671875 0.8859375 0.00859375 0.02421875
5 0.48125 0.7734375 0.01171875 0.025
5 0.6484375 0.22734375 0.0125 0.01953125
5 0.5640625 0.20390625 0.01015625 0.01484375
5 0.446875 0.70234375 0.00859375 0.021875
5 0.62578125 0.671875 0.009375 0.021875