1 0.025 0.6109375 0.021875 0.01875
1 0.0796875 0.8328125 0.021875 0.033984375
1 0.75546875 0.9609375 0.0234375 0.025
1 0.32890625 0.7546875 0.01875 0.01875
1 0.58671875 0.8296875 0.023046875 0.03515625
1 0.4859375 0.95703125 0.009375 0.039453125
1 0.15859375 0.615625 0.016796875 0.031640625
1 0.190625 0.890625 0.01328125 0.037109375
1 0.10078125 0.57265625 0.0171875 0.034375
1 0.24453125 0.6078125 0.011328125 0.037109375
1 0.1875 0.73515625 0.01171875 0.0421875
1 0.66171875 0.84453125 0.021875 0.035546875
1 0.47578125 0.771875 0.01875 0.034765625