1 0.3828125 0.16328125 0.019140625 0.023828125
1 0.3765625 0.2328125 0.015234375 0.034375
1 0.5140625 0.03828125 0.01484375 0.034375
4 0.41328125 0.371875 0.01875 0.01875
4 0.390625 0.771875 0.01875 0.022265625
4 0.5015625 0.29765625 0.016015625 0.019921875
1 0.3671875 0.3984375 0.015234375 0.03515625
4 0.32421875 0.81953125 0.01875 0.023828125
4 0.40078125 0.4453125 0.017578125 0.021484375
4 0.3453125 0.72734375 0.01640625 0.023828125
4 0.37890625 0.33515625 0.01875 0.01875
4 0.25546875 0.83046875 0.017578125 0.020703125
4 0.23203125 0.96953125 0.0171875 0.017578125