3 0.20078125 0.71875 0.01640625 0.028125
3 0.365625 0.5921875 0.0171875 0.03125
3 0.3359375 0.44921875 0.01796875 0.02265625
3 0.24296875 0.83046875 0.01796875 0.02578125
3 0.04453125 0.90234375 0.015625 0.01953125
3 0.415625 0.709375 0.01796875 0.03125
4 0.490625 0.1421875 0.01484375 0.028125
4 0.59140625 0.071875 0.02109375 0.02890625
4 0.7984375 0.8515625 0.01953125 0.02734375
4 0.67890625 0.2015625 0.0203125 0.0265625
4 0.75 0.8953125 0.01328125 0.0390625
4 0.734375 0.44375 0.0140625 0.0234375