2 0.64296875 0.271875 0.0171875 0.01953125
2 0.50859375 0.1671875 0.0140625 0.021484375
2 0.54140625 0.27109375 0.0140625 0.0203125
2 0.425 0.26953125 0.0125 0.016796875
2 0.734375 0.19296875 0.012890625 0.0171875
2 0.6515625 0.06484375 0.016015625 0.0203125
2 0.8203125 0.11796875 0.01484375 0.020703125
2 0.38515625 0.515625 0.013671875 0.025
2 0.51171875 0.409375 0.0140625 0.024609375
2 0.54140625 0.3484375 0.01875 0.03359375
2 0.44140625 0.44921875 0.0125 0.013671875
2 0.921875 0.01171875 0.01796875 0.021875
2 0.434375 0.18046875 0.0125 0.023046875