2 0.68046875 0.32265625 0.015625 0.029296875
2 0.640625 0.43125 0.0125 0.027734375
2 0.39296875 0.44140625 0.011328125 0.021875
2 0.83671875 0.59921875 0.013671875 0.028125
2 0.115625 0.5640625 0.012109375 0.024609375
2 0.76640625 0.15546875 0.0125 0.026171875
2 0.76015625 0.38984375 0.013671875 0.0203125
2 0.2359375 0.4328125 0.012109375 0.028125
2 0.53671875 0.54453125 0.0125 0.0234375
2 0.13984375 0.3328125 0.013671875 0.02734375
2 0.69609375 0.584375 0.0140625 0.025
2 0.56484375 0.61953125 0.013671875 0.026171875
2 0.82578125 0.34765625 0.013671875 0.023046875
2 0.35234375 0.65234375 0.013671875 0.01875
2 0.2890625 0.70078125 0.01484375 0.023046875