2 0.13203125 0.23515625 0.0125 0.026953125
2 0.25625 0.51640625 0.012890625 0.0234375
2 0.5203125 0.57578125 0.0125 0.020703125
2 0.7609375 0.79140625 0.012109375 0.026171875
2 0.18125 0.22421875 0.0125 0.0203125
2 0.27734375 0.621875 0.0109375 0.018359375
2 0.44375 0.74921875 0.012109375 0.025
2 0.3171875 0.3359375 0.01484375 0.022265625
2 0.4203125 0.51796875 0.012109375 0.0265625
2 0.16171875 0.025 0.015625 0.02421875
2 0.06484375 0.05390625 0.016796875 0.017578125
2 0.6609375 0.67890625 0.012890625 0.021875
2 0.69296875 0.93046875 0.011328125 0.019921875