2 0.3828125 0.6046875 0.01484375 0.024609375
2 0.22109375 0.40078125 0.0171875 0.034375
2 0.02734375 0.3375 0.0109375 0.027734375
2 0.5328125 0.44453125 0.012109375 0.0234375
2 0.3328125 0.40859375 0.01484375 0.026171875
2 0.17734375 0.3609375 0.015625 0.01875
2 0.7234375 0.48984375 0.015234375 0.021875
2 0.64921875 0.4828125 0.0140625 0.019140625
2 0.2265625 0.59921875 0.012109375 0.023828125
2 0.72578125 0.64296875 0.014453125 0.023828125
2 0.7328125 0.571875 0.0125 0.01796875
2 0.5015625 0.61796875 0.012890625 0.0265625
2 0.1234375 0.5515625 0.012109375 0.018359375
2 0.57265625 0.6359375 0.011328125 0.016015625
2 0.68203125 0.63984375 0.015625 0.019921875
2 0.23671875 0.47578125 0.011328125 0.020703125
2 0.43828125 0.4265625 0.0125 0.022265625
2 0.09921875 0.36796875 0.011328125 0.020703125
2 0.15 0.63203125 0.009765625 0.025