4 0.7296875 0.35859375 0.012890625 0.028125
4 0.62734375 0.453125 0.010546875 0.024609375
4 0.5890625 0.4171875 0.015234375 0.015625
4 0.53828125 0.31328125 0.008203125 0.026953125
4 0.4359375 0.3953125 0.01015625 0.028515625
3 0.346875 0.45859375 0.015234375 0.026171875
3 0.18203125 0.45859375 0.014453125 0.0265625
3 0.37421875 0.67109375 0.019921875 0.0359375
3 0.18046875 0.6828125 0.013671875 0.021875
3 0.02265625 0.7984375 0.0125 0.019140625
4 0.025 0.6375 0.018359375 0.025390625
3 0.06015625 0.425 0.013671875 0.02421875