2 0.34765625 0.58125 0.013671875 0.03046875
2 0.16953125 0.7609375 0.0203125 0.030859375
2 0.3953125 0.0921875 0.015234375 0.027734375
2 0.44609375 0.28359375 0.011328125 0.0234375
2 0.4046875 0.39375 0.015625 0.030859375
2 0.49140625 0.1046875 0.016796875 0.030859375
2 0.5109375 0.0328125 0.01484375 0.024609375
2 0.1296875 0.81484375 0.016015625 0.030078125
2 0.32578125 0.26796875 0.013671875 0.025
2 0.215625 0.76640625 0.012109375 0.026953125
2 0.2234375 0.57734375 0.0125 0.0296875
2 0.20703125 0.9890625 0.0125 0.021875
2 0.27578125 0.83828125 0.013671875 0.0265625
2 0.2765625 0.4125 0.012109375 0.019140625
2 0.1 0.9484375 0.012109375 0.022265625
2 0.2609375 0.98359375 0.015234375 0.0203125