5 0.85625 0.22421875 0.009765625 0.021875
5 0.884375 0.35625 0.01328125 0.01953125
5 0.59140625 0.19296875 0.013671875 0.0171875
5 0.478125 0.2265625 0.01171875 0.01875
5 0.09765625 0.64140625 0.013671875 0.016796875
5 0.21875 0.75390625 0.015234375 0.0203125
5 0.203125 0.26328125 0.01328125 0.01875
5 0.34375 0.546875 0.012890625 0.019140625
5 0.1953125 0.78515625 0.01015625 0.025
5 0.18046875 0.38515625 0.0125 0.023828125
5 0.328125 0.21015625 0.01171875 0.028125
5 0.42890625 0.8328125 0.009375 0.021875
5 0.66484375 0.77265625 0.010546875 0.0203125
5 0.525 0.5921875 0.015625 0.022265625
5 0.725 0.24921875 0.009765625 0.023828125