1 0.5140625 0.565625 0.016015625 0.028515625
1 0.528125 0.49921875 0.022265625 0.0203125
4 0.50703125 0.66640625 0.01875 0.01875
1 0.67109375 0.41015625 0.0171875 0.032421875
1 0.57421875 0.3109375 0.0203125 0.028125
1 0.48984375 0.725 0.016796875 0.033984375
4 0.503125 0.7890625 0.016015625 0.018359375
1 0.64140625 0.29453125 0.0109375 0.039453125
4 0.5375 0.72421875 0.01875 0.016796875
1 0.42109375 0.2234375 0.0109375 0.034375
1 0.5984375 0.2421875 0.009765625 0.03984375
4 0.62734375 0.6625 0.017578125 0.01796875