1 0.51796875 0.4421875 0.0171875 0.033984375
1 0.61015625 0.2859375 0.013671875 0.040625
1 0.55859375 0.3296875 0.011328125 0.04375
4 0.66484375 0.75546875 0.019921875 0.023046875
4 0.628125 0.7921875 0.019140625 0.021484375
1 0.6671875 0.646875 0.015234375 0.03203125
1 0.62890625 0.36328125 0.0203125 0.033203125
1 0.678125 0.8234375 0.01328125 0.034765625
1 0.79609375 0.31484375 0.011328125 0.040625
4 0.64296875 0.87265625 0.01875 0.0203125
4 0.53125 0.7125 0.01796875 0.02421875
1 0.6578125 0.57265625 0.024609375 0.01875