1 0.5 0.14609375 0.02421875 0.0296875
1 0.72265625 0.5640625 0.0171875 0.01875
1 0.475 0.478125 0.025 0.0328125
1 0.96796875 0.5078125 0.02265625 0.03125
1 0.315625 0.3390625 0.0234375 0.021875
1 0.9421875 0.75859375 0.0171875 0.034375
1 0.859375 0.440625 0.0140625 0.03515625
1 0.5796875 0.5390625 0.01875 0.0328125
1 0.80234375 0.7140625 0.0140625 0.034375
1 0.859375 0.59296875 0.0125 0.040625
1 0.88671875 0.7125 0.0171875 0.03046875
1 0.40234375 0.4578125 0.02109375 0.03046875
1 0.5734375 0.35703125 0.01015625 0.0375