3 0.94375 0.7 0.0125 0.02109375
3 0.871875 0.53125 0.0125 0.0171875
3 0.721875 0.53671875 0.0109375 0.01953125
3 0.56171875 0.62578125 0.0125 0.02265625
3 0.71484375 0.425 0.0125 0.02421875
3 0.56796875 0.37578125 0.0171875 0.03125
3 0.575 0.49609375 0.01328125 0.02890625
4 0.36875 0.73046875 0.0125 0.01796875
4 0.27578125 0.6953125 0.01796875 0.02265625
4 0.25234375 0.52421875 0.0140625 0.03125
4 0.28359375 0.3078125 0.0125 0.02265625
4 0.3515625 0.01015625 0.01015625 0.0203125
4 0.39140625 0.01484375 0.0140625 0.0296875