2 0.5859375 0.02890625 0.0125 0.028125
2 0.14140625 0.15703125 0.019921875 0.023046875
2 0.659375 0.13515625 0.01875 0.021875
2 0.040625 0.0890625 0.016015625 0.018359375
2 0.7421875 0.10234375 0.012890625 0.023828125
2 0.4890625 0.13359375 0.016015625 0.0359375
2 0.27265625 0.16171875 0.0125 0.025
2 0.06015625 0.1765625 0.017578125 0.022265625
2 0.375 0.15 0.016015625 0.025
2 0.03984375 0.01328125 0.021875 0.0265625
2 0.60859375 0.10625 0.026171875 0.037109375
2 0.81953125 0.1109375 0.017578125 0.034375