2 0.634375 0.58671875 0.0125 0.0234375
2 0.90234375 0.79921875 0.01640625 0.03203125
2 0.60546875 0.75546875 0.01015625 0.01953125
2 0.4234375 0.71015625 0.01328125 0.02265625
2 0.7953125 0.790625 0.01328125 0.0234375
2 0.49375 0.71640625 0.01328125 0.02109375
2 0.415625 0.63203125 0.0125 0.01484375
2 0.7484375 0.6015625 0.015625 0.02421875
2 0.56484375 0.56953125 0.0109375 0.01640625
2 0.97109375 0.57578125 0.0109375 0.021875
2 0.94453125 0.83984375 0.01484375 0.021875
2 0.46328125 0.565625 0.0140625 0.0203125
2 0.9953125 0.6546875 0.00859375 0.0171875
2 0.421875 0.5640625 0.0125 0.02265625
2 0.896875 0.609375 0.0109375 0.025
2 0.69609375 0.77578125 0.0109375 0.0203125
2 0.8875 0.72734375 0.0109375 0.02265625