5 0.05703125 0.11328125 0.01640625 0.0234375
5 0.08046875 0.1515625 0.0140625 0.02265625
5 0.22578125 0.34921875 0.0125 0.02421875
5 0.2890625 0.025 0.01484375 0.02265625
5 0.3625 0.04375 0.01484375 0.02421875
5 0.41640625 0.26484375 0.015625 0.02109375
5 0.4328125 0.53515625 0.0140625 0.021875
5 0.4703125 0.72734375 0.01015625 0.02890625
5 0.2328125 0.684375 0.01328125 0.0265625
5 0.07421875 0.5515625 0.0140625 0.01796875
5 0.4640625 0.975 0.01484375 0.01953125
5 0.15625 0.971875 0.015625 0.01875