4 0.2703125 0.35859375 0.01328125 0.028125
4 0.37265625 0.453125 0.01015625 0.02421875
4 0.4109375 0.4171875 0.01484375 0.015625
4 0.46171875 0.31328125 0.00859375 0.02734375
4 0.5640625 0.3953125 0.0109375 0.02890625
3 0.653125 0.45859375 0.01484375 0.02578125
3 0.81796875 0.45859375 0.01484375 0.0265625
3 0.62578125 0.67109375 0.01953125 0.0359375
3 0.81953125 0.6828125 0.01328125 0.021875
3 0.97734375 0.7984375 0.0125 0.01953125
4 0.975 0.6375 0.01796875 0.02578125
3 0.93984375 0.425 0.01328125 0.0234375