1 0.88359375 0.35859375 0.0171875 0.023046875
4 0.85234375 0.54921875 0.0125 0.03125
1 0.98046875 0.571875 0.016796875 0.024609375
1 0.91796875 0.371875 0.011328125 0.03125
1 0.803125 0.3453125 0.018359375 0.021875
4 0.83359375 0.3625 0.0109375 0.03046875
4 0.8078125 0.41875 0.012109375 0.028515625
4 0.77265625 0.39375 0.0125 0.024609375
4 0.625 0.37578125 0.012890625 0.030078125
4 0.59921875 0.28046875 0.011328125 0.03125
4 0.63671875 0.309375 0.011328125 0.030859375
4 0.58984375 0.1703125 0.011328125 0.028515625
4 0.515625 0.13828125 0.012109375 0.0296875