4 0.63828125 0.80703125 0.01875 0.021875
4 0.546875 0.734375 0.021484375 0.018359375
4 0.5125 0.7796875 0.021484375 0.021875
1 0.5125 0.884375 0.01796875 0.034375
4 0.47265625 0.3703125 0.021875 0.02734375
1 0.521875 0.95625 0.019140625 0.024609375
4 0.51796875 0.321875 0.020703125 0.027734375
4 0.35078125 0.121875 0.017578125 0.024609375
4 0.446875 0.28984375 0.021484375 0.026953125
1 0.4984375 0.71328125 0.016015625 0.039453125
4 0.53515625 0.67109375 0.019921875 0.020703125
4 0.37421875 0.28671875 0.019921875 0.017578125