3 0.65390625 0.634375 0.015625 0.025
3 0.53359375 0.7140625 0.014453125 0.027734375
3 0.76171875 0.88046875 0.0125 0.023046875
4 0.703125 0.8296875 0.016015625 0.025390625
3 0.71484375 0.97890625 0.0109375 0.021875
3 0.55390625 0.93125 0.0109375 0.021875
3 0.3671875 0.778125 0.016015625 0.02578125
4 0.26796875 0.746875 0.011328125 0.03203125
4 0.1484375 0.70546875 0.01484375 0.032421875
4 0.078125 0.81015625 0.016015625 0.028125
4 0.08828125 0.86875 0.0125 0.025
3 0.36875 0.98671875 0.01953125 0.026171875