1 0.34375 0.58046875 0.025 0.0203125
1 0.478125 0.409375 0.024609375 0.024609375
4 0.51796875 0.32734375 0.020703125 0.026171875
4 0.71328125 0.04140625 0.020703125 0.028125
1 0.2875 0.39140625 0.024609375 0.025
4 0.51015625 0.2375 0.021875 0.02578125
1 0.22265625 0.88828125 0.028125 0.0421875
1 0.55234375 0.2875 0.023046875 0.024609375
1 0.278125 0.5265625 0.018359375 0.040625
1 0.44609375 0.4578125 0.020703125 0.021875
1 0.4546875 0.809375 0.015234375 0.040234375
4 0.76171875 0.00703125 0.0140625 0.0140625
4 0.82421875 0.0875 0.023046875 0.025
4 0.55625 0.2234375 0.019140625 0.028125
1 0.30234375 0.61953125 0.0171875 0.042578125