4 0.47578125 0.3671875 0.0171875 0.025390625
1 0.65234375 0.05546875 0.0140625 0.032421875
1 0.49375 0.27578125 0.01171875 0.034375
1 0.50390625 0.01640625 0.013671875 0.0328125
4 0.446875 0.85 0.019140625 0.027734375
1 0.49765625 0.20703125 0.0171875 0.028125
4 0.44296875 0.77109375 0.01875 0.032421875
4 0.39921875 0.7640625 0.01875 0.028125
1 0.3984375 0.0296875 0.012890625 0.033984375
4 0.43359375 0.4 0.0171875 0.025390625
4 0.51640625 0.8984375 0.0171875 0.028125
1 0.47578125 0.43046875 0.011328125 0.036328125
4 0.44765625 0.478125 0.0171875 0.024609375