1 0.24375 0.253125 0.025390625 0.034375
1 0.3703125 0.16875 0.01640625 0.04296875
1 0.840625 0.1953125 0.03046875 0.040625
1 0.2828125 0.54921875 0.01875 0.034375
1 0.1953125 0.5140625 0.02265625 0.021875
1 0.03203125 0.78203125 0.021875 0.025
1 0.009375 0.12578125 0.01796875 0.023046875
1 0.71171875 0.27578125 0.023828125 0.0359375
1 0.0328125 0.61328125 0.027734375 0.019921875
1 0.71875 0.04765625 0.012890625 0.045703125
1 0.346875 0.4953125 0.018359375 0.034375
1 0.37734375 0.35 0.011328125 0.046875
1 0.53984375 0.31484375 0.019921875 0.020703125
1 0.934375 0.165625 0.021875 0.034375
1 0.44921875 0.496875 0.013671875 0.034765625