2 0.61953125 0.14140625 0.0140625 0.026953125
2 0.634375 0.06796875 0.01328125 0.026171875
2 0.475 0.33828125 0.0125 0.020703125
2 0.58203125 0.3234375 0.0109375 0.021484375
2 0.36171875 0.80078125 0.017578125 0.030078125
2 0.5046875 0.621875 0.0125 0.028125
2 0.5484375 0.43671875 0.015625 0.0265625
2 0.52890625 0.159375 0.0140625 0.02578125
2 0.55625 0.03828125 0.015625 0.0234375
2 0.6 0.04140625 0.01171875 0.0234375
2 0.4375 0.48125 0.009765625 0.01875
2 0.39765625 0.63515625 0.013671875 0.0265625
2 0.39921875 0.80625 0.0125 0.024609375
2 0.4515625 0.8671875 0.012890625 0.024609375
2 0.33046875 0.853125 0.013671875 0.02421875
2 0.31171875 0.971875 0.009375 0.022265625