3 0.05859375 0.67109375 0.0125 0.023046875
3 0.1359375 0.50546875 0.012109375 0.01875
3 0.29921875 0.41171875 0.0140625 0.0265625
3 0.28984375 0.52421875 0.0125 0.023046875
3 0.45 0.63046875 0.01328125 0.023046875
3 0.43984375 0.49609375 0.014453125 0.029296875
3 0.45078125 0.37421875 0.0171875 0.033203125
4 0.6453125 0.75703125 0.012890625 0.019921875
4 0.7421875 0.728125 0.019140625 0.01953125
4 0.77109375 0.55625 0.0140625 0.03046875
4 0.74453125 0.33046875 0.0125 0.023828125
4 0.6828125 0.01640625 0.009765625 0.0234375
4 0.64140625 0.01875 0.013671875 0.03046875