1 0.51796875 0.12109375 0.0234375 0.029296875
1 0.0421875 0.453125 0.02109375 0.03125
1 0.7015625 0.32734375 0.02109375 0.020703125
1 0.53671875 0.45546875 0.020703125 0.033203125
1 0.43125 0.5125 0.01875 0.03125
1 0.20625 0.675 0.012890625 0.03046875
1 0.11796875 0.665625 0.013671875 0.028515625
1 0.2859375 0.53046875 0.012890625 0.015625
1 0.43984375 0.33046875 0.011328125 0.036328125
1 0.60859375 0.44296875 0.0203125 0.028125
1 0.14921875 0.546875 0.009375 0.037890625
1 0.15234375 0.3953125 0.0140625 0.034765625
1 0.06328125 0.70703125 0.014453125 0.032421875