0 0.33984375 0.5890625 0.009375 0.025
0 0.36484375 0.28125 0.01640625 0.0234375
0 0.94609375 0.73125 0.02890625 0.03203125
0 0.31953125 0.73984375 0.01953125 0.01875
0 0.634375 0.01875 0.02734375 0.01640625
0 0.44453125 0.1140625 0.01171875 0.03828125
0 0.740625 0.60703125 0.02109375 0.04609375
0 0.60625 0.24453125 0.02265625 0.04609375
0 0.85703125 0.390625 0.03046875 0.03046875
0 0.78984375 0.23515625 0.0078125 0.015625
0 0.4984375 0.8796875 0.01171875 0.0171875
0 0.82421875 0.9671875 0.01484375 0.01171875
0 0.9921875 0.528125 0.015625 0.03203125
0 0.55 0.7890625 0.0109375 0.0484375