1 0.78046875 0.95703125 0.01171875 0.0421875
1 0.51484375 0.65390625 0.01796875 0.03984375
1 0.309375 0.46484375 0.0234375 0.04140625
1 0.378125 0.47421875 0.0109375 0.03671875
1 0.18125 0.19921875 0.01875 0.034375
1 0.0203125 0.09375 0.01640625 0.03515625
1 0.0890625 0.1765625 0.0125 0.0421875
1 0.40859375 0.60625 0.015625 0.0203125
1 0.66484375 0.82578125 0.009375 0.03359375
1 0.1546875 0.146875 0.01328125 0.04296875
1 0.22265625 0.26953125 0.0125 0.03984375
1 0.16953125 0.275 0.01171875 0.02109375
1 0.6359375 0.90234375 0.021875 0.02421875
1 0.30703125 0.3921875 0.009375 0.03125
1 0.01640625 0.009375 0.0265625 0.01875