5 0.33203125 0.16484375 0.0140625 0.014453125
5 0.509375 0.64453125 0.012109375 0.013671875
5 0.26640625 0.175 0.010546875 0.01875
5 0.53203125 0.26640625 0.0125 0.017578125
5 0.51015625 0.296875 0.011328125 0.01953125
5 0.1453125 0.778125 0.01015625 0.021875
5 0.47890625 0.08203125 0.009375 0.017578125
5 0.18671875 0.60234375 0.009375 0.016796875
5 0.38046875 0.4546875 0.007421875 0.02109375
5 0.6046875 0.86171875 0.006640625 0.025
5 0.36484375 0.7546875 0.0125 0.02734375
5 0.21171875 0.3609375 0.013671875 0.012890625