4 0.51484375 0.38046875 0.013671875 0.032421875
4 0.4421875 0.4125 0.01484375 0.033984375
4 0.43359375 0.5171875 0.013671875 0.034765625
4 0.39765625 0.5453125 0.013671875 0.031640625
4 0.40859375 0.6125 0.014453125 0.034765625
1 0.23203125 0.58046875 0.01875 0.025
4 0.26171875 0.62890625 0.013671875 0.026953125
4 0.22734375 0.653125 0.0140625 0.034765625
4 0.2015625 0.59765625 0.0125 0.035546875
1 0.15234375 0.59375 0.0203125 0.027734375
1 0.11953125 0.60625 0.0125 0.034765625
1 0.0578125 0.803125 0.018359375 0.028515625
1 0.009375 0.7453125 0.018359375 0.021484375
1 0.02421875 0.64765625 0.0171875 0.03125
1 0.0078125 0.40859375 0.01484375 0.023046875