5 0.878125 0.4859375 0.01484375 0.025
5 0.65625 0.82734375 0.01015625 0.01640625
5 0.27578125 0.840625 0.01171875 0.02265625
5 0.71640625 0.62734375 0.009375 0.02109375
5 0.52265625 0.7859375 0.01171875 0.02265625
5 0.584375 0.58125 0.01328125 0.02109375
5 0.81171875 0.490625 0.01328125 0.01796875
5 0.55078125 0.03046875 0.02734375 0.04140625
5 0.42109375 0.75 0.009375 0.021875
5 0.4 0.80234375 0.01015625 0.021875
5 0.3921875 0.90703125 0.01484375 0.015625
5 0.63984375 0.5234375 0.01328125 0.02109375
5 0.6859375 0.52734375 0.0078125 0.02109375
5 0.76640625 0.76875 0.00859375 0.0265625