1 0.51953125 0.0515625 0.0234375 0.021484375
4 0.746875 0.23203125 0.01328125 0.035546875
1 0.4953125 0.13203125 0.024609375 0.023046875
1 0.5359375 0.165625 0.01640625 0.03671875
1 0.50703125 0.44140625 0.019921875 0.025
4 0.96796875 0.30390625 0.0171875 0.038671875
1 0.68515625 0.2375 0.019921875 0.028125
4 0.7734375 0.1703125 0.012890625 0.03515625
1 0.64453125 0.2203125 0.015625 0.037109375
4 0.81484375 0.203125 0.0125 0.031640625
4 0.99296875 0.2234375 0.0140625 0.03515625
1 0.3390625 0.1921875 0.028515625 0.03125
1 0.778125 0.2578125 0.019140625 0.02890625
4 0.72578125 0.01484375 0.0109375 0.0296875