5 0.67890625 0.80546875 0.011328125 0.025
5 0.4078125 0.34296875 0.009765625 0.021875
5 0.60859375 0.3203125 0.0109375 0.025
5 0.4390625 0.2546875 0.01484375 0.030859375
5 0.6140625 0.63125 0.009375 0.021875
5 0.5875 0.8609375 0.01171875 0.016015625
5 0.4921875 0.84765625 0.01484375 0.015625
5 0.3234375 0.1625 0.009375 0.025390625
5 0.47109375 0.7359375 0.009375 0.027734375
5 0.4046875 0.40859375 0.012890625 0.0140625
5 0.615625 0.02734375 0.0125 0.020703125
5 0.4953125 0.5046875 0.008984375 0.022265625
5 0.52734375 0.90078125 0.0140625 0.026171875