4 0.46640625 0.81171875 0.0140625 0.03515625
1 0.7421875 0.8515625 0.02421875 0.0234375
1 0.6578125 0.99140625 0.01875 0.0171875
1 0.71953125 0.9375 0.02265625 0.025
1 0.70546875 0.82109375 0.01953125 0.03203125
4 0.49453125 0.75078125 0.01328125 0.034375
4 0.27578125 0.67109375 0.01640625 0.04296875
1 0.5578125 0.7453125 0.0203125 0.03125
1 0.59609375 0.7609375 0.0140625 0.034375
1 0.734375 0.5453125 0.02265625 0.0234375
1 0.89921875 0.8 0.03203125 0.0328125
4 0.51484375 0.971875 0.0109375 0.0375
4 0.21953125 0.5078125 0.01484375 0.03125
4 0.42890625 0.778125 0.015625 0.0328125
4 0.25 0.75234375 0.015625 0.03828125
4 0.22421875 0.63359375 0.0171875 0.0359375
4 0.134375 0.46328125 0.01640625 0.03359375
1 0.46484375 0.7234375 0.02109375 0.0328125