2 0.6953125 0.91796875 0.0125 0.0234375
2 0.1828125 0.115625 0.015234375 0.025
2 0.61015625 0.86015625 0.013671875 0.023828125
2 0.57890625 0.57734375 0.0140625 0.028125
2 0.50546875 0.43046875 0.013671875 0.029296875
2 0.63125 0.66640625 0.012890625 0.0203125
2 0.696875 0.81015625 0.016015625 0.025
2 0.72265625 0.8671875 0.013671875 0.02109375
2 0.5234375 0.72265625 0.012890625 0.025
2 0.3234375 0.3359375 0.021484375 0.024609375
2 0.65625 0.953125 0.015625 0.01953125
2 0.36484375 0.3109375 0.011328125 0.022265625
2 0.23671875 0.19453125 0.008203125 0.028125
2 0.41015625 0.2234375 0.015625 0.025
2 0.39375 0.48125 0.012109375 0.025
2 0.28125 0.303125 0.01328125 0.024609375
2 0.328125 0.1125 0.01171875 0.01953125
2 0.4625 0.60859375 0.0125 0.023828125
2 0.378125 0.09765625 0.016015625 0.016796875