1 0.909375 0.3109375 0.019140625 0.022265625
1 0.8046875 0.0765625 0.02109375 0.025
1 0.75859375 0.04140625 0.017578125 0.025
1 0.64140625 0.475 0.0125 0.0375
4 0.49765625 0.81171875 0.014453125 0.0328125
1 0.70390625 0.35546875 0.0109375 0.0328125
1 0.7875 0.140625 0.009375 0.0375
1 0.690625 0.05859375 0.009375 0.035546875
4 0.51640625 0.740625 0.0125 0.03125
4 0.478125 0.69296875 0.0125 0.035546875
1 0.728125 0.3 0.012890625 0.03671875
4 0.66171875 0.41875 0.013671875 0.03125
4 0.54375 0.91953125 0.012890625 0.0328125
4 0.61484375 0.41015625 0.0125 0.033203125
4 0.603125 0.490625 0.012109375 0.03046875