3 0.3921875 0.78125 0.0171875 0.02734375
3 0.67734375 0.4828125 0.01796875 0.02734375
3 0.509375 0.6296875 0.01484375 0.025
3 0.23671875 0.55546875 0.015625 0.02421875
4 0.3078125 0.5828125 0.01796875 0.0328125
3 0.27265625 0.42578125 0.01171875 0.01875
3 0.45078125 0.4046875 0.0125 0.02265625
3 0.64140625 0.2484375 0.02265625 0.03671875
4 0.7875 0.4703125 0.01171875 0.0328125
4 0.92421875 0.46171875 0.01796875 0.034375
4 0.9375 0.3109375 0.01796875 0.02578125
4 0.9578125 0.24921875 0.01328125 0.02421875