1 0.21953125 0.04296875 0.011328125 0.0421875
1 0.48515625 0.34609375 0.017578125 0.039453125
1 0.690625 0.53515625 0.02421875 0.041796875
1 0.621875 0.52578125 0.01171875 0.036328125
1 0.81875 0.80078125 0.01875 0.034375
1 0.9796875 0.90625 0.016015625 0.034765625
1 0.9109375 0.8234375 0.0125 0.04140625
1 0.59140625 0.39375 0.015625 0.01953125
1 0.33515625 0.17421875 0.009375 0.033203125
1 0.8453125 0.853125 0.012890625 0.043359375
1 0.77734375 0.73046875 0.0125 0.039453125
1 0.83046875 0.725 0.011328125 0.021484375
1 0.3640625 0.09765625 0.021875 0.023828125
1 0.69296875 0.6078125 0.009375 0.03125
1 0.98359375 0.990625 0.0265625 0.01875