5 0.2328125 0.08359375 0.01484375 0.0234375
5 0.81484375 0.803125 0.0125 0.02421875
5 0.465625 0.21796875 0.015234375 0.020703125
5 0.5828125 0.44921875 0.01484375 0.016796875
5 0.1953125 0.42734375 0.012890625 0.026953125
5 0.3140625 0.365625 0.019140625 0.018359375
5 0.74609375 0.79453125 0.013671875 0.01875
5 0.51484375 0.6953125 0.0140625 0.02265625
5 0.4484375 0.490625 0.012890625 0.024609375
5 0.3234375 0.46875 0.0125 0.024609375
5 0.34453125 0.521875 0.013671875 0.02421875
5 0.6984375 0.509375 0.009765625 0.027734375
5 0.6484375 0.65625 0.009765625 0.019140625
5 0.61796875 0.75390625 0.011328125 0.026171875
5 0.57109375 0.75390625 0.013671875 0.0234375