5 0.75703125 0.1109375 0.011328125 0.02265625
5 0.36015625 0.36953125 0.014453125 0.016796875
5 0.26328125 0.05 0.0109375 0.021875
5 0.53046875 0.01875 0.013671875 0.01796875
5 0.25859375 0.321875 0.0125 0.02421875
5 0.3703125 0.1 0.012109375 0.018359375
5 0.69609375 0.43359375 0.013671875 0.019921875
5 0.47109375 0.25546875 0.013671875 0.01875
5 0.14296875 0.2375 0.0109375 0.021875
5 0.2609375 0.21171875 0.009375 0.020703125
5 0.08515625 0.18359375 0.008203125 0.030078125
5 0.296875 0.36640625 0.012109375 0.020703125
5 0.6140625 0.2734375 0.015234375 0.01640625
5 0.57890625 0.35390625 0.0125 0.0171875
5 0.546875 0.38046875 0.00703125 0.019921875