1 0.51875 0.67421875 0.021875 0.023828125
1 0.6 0.825 0.01953125 0.03125
1 0.5421875 0.7578125 0.021875 0.021484375
1 0.55625 0.64609375 0.016015625 0.03125
1 0.70390625 0.58203125 0.01875 0.028125
4 0.78984375 0.65234375 0.014453125 0.034375
4 0.76015625 0.5875 0.0140625 0.034375
1 0.66484375 0.59765625 0.013671875 0.0375
1 0.53515625 0.38125 0.023046875 0.02421875
4 0.73828125 0.8046875 0.0125 0.03515625
4 0.82890625 0.61953125 0.013671875 0.030078125
4 0.9953125 0.60078125 0.008984375 0.044921875
1 0.7953125 0.56640625 0.021484375 0.0296875
4 0.98203125 0.521875 0.0171875 0.03671875
1 0.36953125 0.6140625 0.026171875 0.03125