2 0.909375 0.28203125 0.012890625 0.026953125
2 0.18125 0.184375 0.012890625 0.021484375
2 0.78515625 0.4890625 0.0109375 0.02109375
2 0.5671875 0.640625 0.0125 0.021875
2 0.98515625 0.125 0.0140625 0.024609375
2 0.421875 0.321875 0.012890625 0.025
2 0.87734375 0.38125 0.0125 0.02578125
2 0.81484375 0.55625 0.013671875 0.025
2 0.31015625 0.70078125 0.0109375 0.021875
2 0.65234375 0.403125 0.0125 0.022265625
2 0.5125 0.40390625 0.012890625 0.023828125
2 0.4078125 0.52890625 0.012109375 0.023046875
2 0.19375 0.496875 0.009765625 0.021484375
2 0.6234375 0.59375 0.01015625 0.021484375
2 0.93203125 0.5140625 0.0125 0.021484375
2 0.28828125 0.22265625 0.0125 0.020703125
2 0.17265625 0.35390625 0.0125 0.017578125
2 0.98515625 0.33828125 0.0125 0.016796875