5 0.334375 0.309375 0.0140625 0.01640625
5 0.18046875 0.60390625 0.0109375 0.01875
5 0.159375 0.23515625 0.015625 0.0234375
5 0.58203125 0.2625 0.0125 0.0203125
5 0.45390625 0.6125 0.01328125 0.02109375
5 0.06640625 0.615625 0.015625 0.01640625
5 0.48359375 0.49765625 0.0125 0.02421875
5 0.03046875 0.03671875 0.01015625 0.028125
5 0.2703125 0.0171875 0.009375 0.01875
5 0.4703125 0.13046875 0.0140625 0.02265625
5 0.49453125 0.10546875 0.01171875 0.0265625
5 0.328125 0.64453125 0.01171875 0.02578125