4 0.4953125 0.665625 0.021875 0.01875
1 0.34609375 0.95625 0.014453125 0.037109375
4 0.36875 0.696875 0.01875 0.021875
1 0.49609375 0.77109375 0.016796875 0.034375
4 0.459375 0.621875 0.021875 0.01953125
1 0.48515625 0.84140625 0.021875 0.026171875
4 0.4921875 0.21953125 0.021484375 0.023046875
4 0.53515625 0.26640625 0.020703125 0.021875
4 0.47421875 0.559375 0.019921875 0.021875
1 0.509375 0.603125 0.016015625 0.03828125
4 0.65703125 0.0125 0.01875 0.025
4 0.56171875 0.18125 0.0203125 0.02421875
4 0.634375 0.1734375 0.01953125 0.018359375