4 0.403125 0.7796875 0.019140625 0.02109375
4 0.41640625 0.33671875 0.0203125 0.025
4 0.43828125 0.74375 0.020703125 0.01875
4 0.528125 0.81640625 0.01953125 0.019921875
1 0.4078125 0.95390625 0.021875 0.026171875
1 0.4 0.88359375 0.015625 0.0375
4 0.4234375 0.67109375 0.018359375 0.0203125
1 0.39140625 0.71484375 0.0140625 0.039453125
4 0.3703125 0.384375 0.018359375 0.021875
4 0.34921875 0.2921875 0.01875 0.022265625
4 0.25546875 0.1375 0.019921875 0.018359375
4 0.27890625 0.27890625 0.01875 0.019921875