1 0.19921875 0.17421875 0.017578125 0.0265625
4 0.5703125 0.6921875 0.015234375 0.03359375
1 0.39140625 0.28828125 0.0109375 0.0359375
4 0.5296875 0.72421875 0.016015625 0.033203125
1 0.33359375 0.05078125 0.0109375 0.033203125
1 0.4359375 0.01171875 0.01015625 0.0234375
4 0.53984375 0.8 0.0171875 0.030859375
1 0.43828125 0.4234375 0.010546875 0.0375
4 0.471875 0.4515625 0.012890625 0.027734375
4 0.48359375 0.8875 0.0140625 0.030859375
4 0.42578125 0.36484375 0.015625 0.0296875
1 0.375 0.2265625 0.01328125 0.03359375
4 0.47109375 0.371875 0.014453125 0.03046875