1 0.49609375 0.190625 0.015625 0.03359375
1 0.53359375 0.21875 0.021875 0.02265625
1 0.51328125 0.2953125 0.02265625 0.02109375
1 0.459375 0.35859375 0.015625 0.028125
4 0.0953125 0.07421875 0.01875 0.03515625
4 0.05078125 0.04140625 0.01484375 0.034375
4 0.0796875 0.1453125 0.01796875 0.03671875
1 0.27265625 0.115625 0.01796875 0.025
1 0.675 0.1578125 0.028125 0.02578125
4 0.30625 0.13828125 0.01171875 0.03046875
1 0.39453125 0.1453125 0.0140625 0.03515625
4 0.23828125 0.1671875 0.015625 0.034375
4 0.27578125 0.19296875 0.01640625 0.03671875
4 0.32421875 0.3328125 0.0140625 0.0375
1 0.3578125 0.13046875 0.01640625 0.0234375