1 0.13359375 0.01171875 0.020703125 0.023046875
1 0.0734375 0.071875 0.02265625 0.01796875
1 0.05703125 0.4625 0.0234375 0.02421875
1 0.32890625 0.29140625 0.01875 0.029296875
1 0.0890625 0.1890625 0.016015625 0.03515625
4 0.328125 0.2046875 0.015234375 0.034375
1 0.05078125 0.15390625 0.0234375 0.01875
1 0.2359375 0.265625 0.019140625 0.02578125
4 0.19765625 0.24765625 0.011328125 0.036328125
4 0.30078125 0.2609375 0.013671875 0.033984375
4 0.278125 0.04453125 0.012890625 0.035546875
4 0.57109375 0.51171875 0.014453125 0.033203125
4 0.515625 0.346875 0.015234375 0.03828125
4 0.540625 0.27109375 0.012890625 0.038671875
4 0.56328125 0.3890625 0.0140625 0.03515625
4 0.365625 0.2375 0.012109375 0.031640625
4 0.653125 0.559375 0.012890625 0.033984375