5 0.51875 0.9640625 0.01171875 0.01875
5 0.3609375 0.61796875 0.0125 0.019921875
5 0.90390625 0.978125 0.013671875 0.024609375
5 0.40625 0.9046875 0.008984375 0.025390625
5 0.5859375 0.709375 0.012109375 0.022265625
5 0.2921875 0.61171875 0.0125 0.025
5 0.45625 0.75703125 0.009765625 0.0203125
5 0.65390625 0.92265625 0.013671875 0.0234375
5 0.5296875 0.6484375 0.0125 0.02109375
5 0.48515625 0.653125 0.010546875 0.025390625
5 0.7546875 0.8828125 0.009765625 0.01875
5 0.7765625 0.9390625 0.01015625 0.02265625