1 0.521875 0.5890625 0.015625 0.030859375
1 0.503125 0.48203125 0.019140625 0.01875
1 0.48359375 0.56015625 0.021875 0.021875
1 0.559375 0.41796875 0.01796875 0.025
1 0.33359375 0.62421875 0.026953125 0.026953125
1 0.5 0.85625 0.021484375 0.025
1 0.75546875 0.6703125 0.019921875 0.025390625
1 0.665625 0.65390625 0.021484375 0.026953125
4 0.71875 0.6515625 0.015234375 0.031640625
1 0.62578125 0.6390625 0.015625 0.037890625
4 0.75 0.58828125 0.0125 0.029296875
4 0.9578125 0.63515625 0.016015625 0.038671875
4 0.7890625 0.61640625 0.015234375 0.029296875
4 0.70078125 0.4421875 0.0125 0.030859375
4 0.93984375 0.7125 0.0171875 0.037890625
4 0.98671875 0.74453125 0.017578125 0.035546875
4 0.9953125 0.86484375 0.009375 0.0359375