5 0.121875 0.5140625 0.015234375 0.025
5 0.34375 0.17265625 0.009765625 0.016796875
5 0.72421875 0.159375 0.011328125 0.022265625
5 0.28359375 0.37265625 0.009375 0.020703125
5 0.47734375 0.2140625 0.011328125 0.022265625
5 0.415625 0.41875 0.012890625 0.021484375
5 0.18828125 0.509375 0.013671875 0.018359375
5 0.44921875 0.96953125 0.026953125 0.041796875
5 0.57890625 0.25 0.009375 0.021875
5 0.6 0.19765625 0.009765625 0.021875
5 0.6078125 0.09296875 0.015234375 0.015625
5 0.36015625 0.4765625 0.013671875 0.021484375
5 0.3140625 0.47265625 0.00859375 0.020703125
5 0.23359375 0.23125 0.008203125 0.02578125