2 0.634375 0.58671875 0.0125 0.0234375
2 0.90234375 0.79921875 0.016796875 0.032421875
2 0.60546875 0.75546875 0.010546875 0.019921875
2 0.4234375 0.71015625 0.012890625 0.023046875
2 0.7953125 0.790625 0.012890625 0.02421875
2 0.49375 0.71640625 0.012890625 0.020703125
2 0.415625 0.63203125 0.0125 0.014453125
2 0.7484375 0.6015625 0.015625 0.024609375
2 0.56484375 0.56953125 0.0109375 0.016796875
2 0.97109375 0.57578125 0.0109375 0.021875
2 0.94453125 0.83984375 0.014453125 0.021875
2 0.46328125 0.565625 0.0140625 0.01953125
2 0.9953125 0.6546875 0.008984375 0.01640625
2 0.421875 0.5640625 0.0125 0.022265625
2 0.896875 0.609375 0.01171875 0.025
2 0.69609375 0.77578125 0.0109375 0.0203125
2 0.8875 0.72734375 0.01171875 0.023046875