5 0.9421875 0.30703125 0.012109375 0.01875
5 0.75703125 0.93046875 0.0109375 0.020703125
5 0.34609375 0.0796875 0.011328125 0.015625
5 0.92421875 0.18359375 0.009375 0.01875
5 0.32109375 0.51796875 0.011328125 0.019921875
5 0.44921875 0.36171875 0.013671875 0.014453125
5 0.221875 0.38984375 0.009375 0.01875
5 0.503125 0.63671875 0.00703125 0.0171875
5 0.5796875 0.871875 0.009765625 0.015625
5 0.80703125 0.1765625 0.008203125 0.021484375
5 0.590625 0.10625 0.009765625 0.018359375
5 0.31875 0.18125 0.009765625 0.019140625
5 0.29765625 0.54140625 0.0078125 0.023046875
5 0.60703125 0.44140625 0.011328125 0.023046875
5 0.69140625 0.10078125 0.0140625 0.0171875
5 0.459375 0.06015625 0.01171875 0.026171875
5 0.72265625 0.6359375 0.0078125 0.01640625