1 0.60390625 0.028125 0.0140625 0.04453125
1 0.64375 0.1453125 0.015234375 0.037890625
4 0.45234375 0.83515625 0.020703125 0.026171875
4 0.49453125 0.43203125 0.021875 0.020703125
1 0.37890625 0.009375 0.0125 0.018359375
1 0.49453125 0.3265625 0.017578125 0.0375
4 0.61875 0.40234375 0.01875 0.01875
1 0.5375 0.05703125 0.021484375 0.033203125
4 0.515625 0.5390625 0.01875 0.01875
4 0.49765625 0.884375 0.025 0.024609375
1 0.48046875 0.4953125 0.016796875 0.034765625
4 0.5296875 0.475 0.021484375 0.01953125
1 0.50390625 0.25703125 0.023828125 0.023828125
4 0.42734375 0.92109375 0.021875 0.026171875
4 0.35546875 0.9234375 0.023046875 0.021875