1 0.528125 0.64375 0.024609375 0.019140625
1 0.58515625 0.71015625 0.025 0.0296875
1 0.54453125 0.534375 0.015625 0.03125
1 0.5046875 0.5609375 0.022265625 0.02265625
1 0.52265625 0.26484375 0.021875 0.0234375
1 0.69296875 0.46796875 0.01875 0.0265625
4 0.9734375 0.41171875 0.015625 0.0359375
4 0.7796875 0.5375 0.01484375 0.03125
1 0.653125 0.4828125 0.015234375 0.037890625
4 0.99140625 0.48515625 0.016796875 0.0390625
1 0.35546875 0.50078125 0.03125 0.0296875
1 0.78203125 0.45078125 0.021875 0.0296875
4 0.81953125 0.50625 0.0140625 0.031640625
4 0.74921875 0.47109375 0.0140625 0.0359375
4 0.73046875 0.68203125 0.0171875 0.045703125