1 0.35546875 0.24296875 0.0203125 0.019921875
1 0.2046875 0.40078125 0.01640625 0.026171875
1 0.5140625 0.38203125 0.025390625 0.026953125
1 0.121875 0.4171875 0.01796875 0.024609375
1 0.30234375 0.18125 0.017578125 0.02578125
1 0.37578125 0.32109375 0.020703125 0.0203125
1 0.36015625 0.59453125 0.019921875 0.023828125
1 0.33984375 0.3453125 0.017578125 0.03125
1 0.24140625 0.38828125 0.013671875 0.035546875
4 0.12578125 0.3390625 0.013671875 0.028515625
4 0.09140625 0.36328125 0.0125 0.029296875
4 0.153125 0.39765625 0.0125 0.030078125
4 0.17109375 0.20390625 0.010546875 0.028125