4 0.615625 0.08828125 0.018359375 0.021875
1 0.47109375 0.36015625 0.014453125 0.0296875
4 0.584375 0.034375 0.01796875 0.01875
1 0.5671875 0.4421875 0.018359375 0.028125
1 0.7203125 0.49921875 0.01015625 0.0328125
1 0.6296875 0.0296875 0.015234375 0.03359375
1 0.50390625 0.46640625 0.010546875 0.035546875
1 0.61328125 0.1875 0.014453125 0.031640625
4 0.49921875 0.11015625 0.016796875 0.017578125
1 0.5734375 0.7875 0.01484375 0.047265625
1 0.60234375 0.25390625 0.0203125 0.019921875
1 0.54765625 0.509375 0.0109375 0.03671875