4 0.4953125 0.8453125 0.019140625 0.021484375
4 0.5046875 0.409375 0.01875 0.021875
1 0.5078125 0.303125 0.015234375 0.034765625
1 0.50078125 0.2296875 0.021875 0.024609375
4 0.55546875 0.9046875 0.01875 0.022265625
4 0.53984375 0.828125 0.0203125 0.025
1 0.3671875 0.09140625 0.015234375 0.034375
4 0.6296875 0.9171875 0.018359375 0.021484375
1 0.515625 0.47421875 0.01328125 0.036328125
4 0.4953125 0.5375 0.016015625 0.01875
4 0.46875 0.46328125 0.019140625 0.023046875
1 0.47421875 0.01796875 0.01875 0.0328125