1 0.58046875 0.39375 0.014453125 0.043359375
1 0.53203125 0.346875 0.0140625 0.04296875
1 0.6234375 0.5125 0.015234375 0.037890625
4 0.5015625 0.86953125 0.02109375 0.023046875
4 0.46484375 0.8171875 0.019921875 0.02109375
1 0.51171875 0.425 0.020703125 0.03203125
4 0.48828125 0.9359375 0.020703125 0.019140625
4 0.59765625 0.7890625 0.0234375 0.02265625
1 0.50078125 0.040625 0.017578125 0.052734375
1 0.46484375 0.709375 0.017578125 0.037109375
1 0.34296875 0.3625 0.013671875 0.03828125
1 0.475 0.63203125 0.021875 0.026171875
1 0.4484375 0.8890625 0.01640625 0.040234375