3 0.94140625 0.55859375 0.017578125 0.026171875
3 0.61484375 0.46484375 0.0171875 0.026953125
4 0.29296875 0.32109375 0.0109375 0.0234375
4 0.1796875 0.1578125 0.01875 0.031640625
4 0.41484375 0.19609375 0.013671875 0.0375
4 0.34140625 0.29921875 0.01875 0.01875
4 0.52421875 0.34921875 0.014453125 0.033203125
3 0.79921875 0.54140625 0.015625 0.0234375
3 0.5484375 0.68359375 0.02109375 0.030078125
3 0.7546875 0.7796875 0.012109375 0.02265625
3 0.89453125 0.95625 0.0140625 0.02421875
3 0.96953125 0.89453125 0.014453125 0.0265625
4 0.92890625 0.79765625 0.0203125 0.020703125