5 0.44375 0.27578125 0.01015625 0.0234375
5 0.315625 0.44453125 0.0109375 0.01640625
5 0.30625 0.0859375 0.0125 0.01640625
5 0.496875 0.00859375 0.0125 0.015625
5 0.2375 0.9453125 0.0109375 0.02265625
5 0.21875 0.63828125 0.00625 0.0203125
5 0.32578125 0.115625 0.01015625 0.02109375
5 0.65234375 0.59140625 0.01015625 0.02265625
5 0.6484375 0.80703125 0.01171875 0.0171875
5 0.38125 0.8015625 0.00859375 0.0125
5 0.5578125 0.021875 0.0125 0.02109375
5 0.60234375 0.19921875 0.0125 0.0140625
5 0.4484375 0.55390625 0.0109375 0.025
5 0.61796875 0.4265625 0.01015625 0.01796875