2 0.08203125 0.05703125 0.016796875 0.0328125
2 0.28125 0.78984375 0.012890625 0.026953125
2 0.20625 0.87890625 0.0125 0.025
2 0.1921875 0.7578125 0.012890625 0.02734375
2 0.21796875 0.296875 0.0140625 0.03046875
2 0.15390625 0.56875 0.0125 0.021484375
2 0.10390625 0.24453125 0.013671875 0.0265625
2 0.2875 0.86328125 0.01328125 0.0234375
2 0.1890625 0.03359375 0.01484375 0.0234375
2 0.2421875 0.49375 0.015625 0.028515625
2 0.1296875 0.41640625 0.012890625 0.023046875
2 0.25078125 0.88203125 0.0109375 0.0234375
2 0.12421875 0.07109375 0.013671875 0.026171875
2 0.2625 0.61328125 0.01171875 0.023046875