1 0.19609375 0.04140625 0.02578125 0.025
1 0.6453125 0.24140625 0.02265625 0.01953125
1 0.96484375 0.37890625 0.02578125 0.02265625
1 0.37421875 0.175 0.02734375 0.0390625
1 0.90546875 0.1515625 0.02109375 0.0296875
1 0.29609375 0.16015625 0.0203125 0.03046875
1 0.49140625 0.23203125 0.021875 0.03984375
1 0.4796875 0.034375 0.0125 0.04140625
1 0.79375 0.25390625 0.0125 0.04296875
1 0.7890625 0.09453125 0.0140625 0.0390625
1 0.8265625 0.3796875 0.01953125 0.03671875
1 0.88671875 0.421875 0.01640625 0.03125
1 0.7359375 0.39453125 0.0140625 0.0328125