1 0.64453125 0.75703125 0.0203125 0.019921875
1 0.7953125 0.59921875 0.01640625 0.026171875
1 0.4859375 0.61796875 0.025390625 0.026953125
1 0.878125 0.5828125 0.01796875 0.024609375
1 0.69765625 0.81875 0.017578125 0.02578125
1 0.62421875 0.67890625 0.020703125 0.0203125
1 0.63984375 0.40546875 0.019921875 0.023828125
1 0.66015625 0.6546875 0.017578125 0.03125
1 0.75859375 0.61171875 0.013671875 0.035546875
4 0.87421875 0.6609375 0.013671875 0.028515625
4 0.90859375 0.63671875 0.0125 0.029296875
4 0.846875 0.60234375 0.0125 0.030078125
4 0.82890625 0.79609375 0.010546875 0.028125