1 0.62421875 0.0109375 0.017578125 0.021875
1 0.209375 0.79140625 0.022265625 0.0390625
1 0.38046875 0.471875 0.0125 0.041015625
1 0.20390625 0.70390625 0.0125 0.034375
1 0.32734375 0.6109375 0.010546875 0.0375
1 0.4453125 0.25390625 0.025390625 0.0390625
1 0.51015625 0.225 0.0109375 0.03671875
1 0.26328125 0.60234375 0.0140625 0.0421875
1 0.3484375 0.55234375 0.015625 0.039453125
1 0.33046875 0.4828125 0.0125 0.021875
1 0.45078125 0.328125 0.0109375 0.028515625
1 0.52578125 0.0875 0.0125 0.02421875