5 0.74453125 0.47109375 0.0125 0.015625
5 0.75390625 0.88359375 0.015625 0.0171875
5 0.3671875 0.053125 0.0125 0.01328125
5 0.66953125 0.05859375 0.011328125 0.023046875
5 0.4671875 0.95234375 0.015234375 0.0234375
5 0.7328125 0.84921875 0.0125 0.029296875
5 0.41796875 0.7453125 0.011328125 0.012890625
5 0.59765625 0.665625 0.009375 0.027734375
5 0.39921875 0.490625 0.014453125 0.01875
5 0.85546875 0.24765625 0.008203125 0.026171875
5 0.36328125 0.29921875 0.011328125 0.026953125
5 0.53671875 0.96953125 0.014453125 0.015625
5 0.59296875 0.34375 0.0125 0.025