1 0.33046875 0.31328125 0.019921875 0.019921875
1 0.615625 0.615625 0.021484375 0.025390625
1 0.5046875 0.4546875 0.02265625 0.025
1 0.021875 0.03828125 0.016015625 0.020703125
1 0.5984375 0.5015625 0.021875 0.015625
1 0.1765625 0.1875 0.015625 0.03828125
1 0.559375 0.48359375 0.021875 0.017578125
1 0.3671875 0.4140625 0.016015625 0.046875
1 0.7375 0.646875 0.024609375 0.027734375
1 0.40546875 0.38125 0.014453125 0.019140625
1 0.25234375 0.33046875 0.013671875 0.016796875
1 0.528125 0.5375 0.012109375 0.022265625
1 0.0046875 0.12421875 0.008984375 0.019921875
1 0.6921875 0.684375 0.019140625 0.01796875