0 0.39453125 0.89296875 0.02578125 0.02109375
0 0.63359375 0.684375 0.01953125 0.01796875
0 0.22265625 0.5703125 0.028125 0.0265625
0 0.3390625 0.525 0.02734375 0.0296875
0 0.22578125 0.35546875 0.02578125 0.02734375
0 0.15625 0.30078125 0.021875 0.040625
0 0.0390625 0.49453125 0.015625 0.04609375
0 0.38125 0.74140625 0.0140625 0.04921875
0 0.9203125 0.98828125 0.01875 0.02109375
0 0.06484375 0.3578125 0.0078125 0.01875
0 0.2921875 0.43359375 0.00859375 0.02890625
0 0.071875 0.42265625 0.01015625 0.03671875
0 0.6625 0.9109375 0.0140625 0.021875