1 0.51796875 0.8296875 0.0140625 0.04296875
1 0.5671875 0.87265625 0.0109375 0.0390625
1 0.478125 0.7203125 0.0140625 0.03203125
4 0.58359375 0.38125 0.01953125 0.01875
1 0.621875 0.521875 0.01484375 0.0328125
1 0.6328125 0.34921875 0.015625 0.03203125
4 0.65546875 0.0078125 0.021875 0.015625
1 0.58359375 0.8 0.01640625 0.03515625
4 0.5984375 0.30234375 0.01875 0.0171875
1 0.61328125 0.59296875 0.0203125 0.021875
4 0.49140625 0.4546875 0.01640625 0.01875
1 0.7484375 0.84375 0.01171875 0.0390625
4 0.61953125 0.4171875 0.01796875 0.0203125