2 0.25703125 0.60625 0.01328125 0.03125
2 0.39609375 0.10546875 0.0140625 0.02890625
2 0.2296875 0.2828125 0.01328125 0.02109375
2 0.0796875 0.79609375 0.0203125 0.03125
2 0.35 0.2890625 0.01171875 0.021875
2 0.29765625 0.1 0.01328125 0.0265625
2 0.12578125 0.80234375 0.01328125 0.025
2 0.4140625 0.0328125 0.01484375 0.0234375
2 0.3125 0.40546875 0.015625 0.0265625
2 0.1296875 0.609375 0.01640625 0.0296875
2 0.1890625 0.87109375 0.0125 0.025
2 0.0390625 0.85625 0.0140625 0.02890625
2 0.18046875 0.43671875 0.0109375 0.01875
2 0.01015625 0.9921875 0.0125 0.015625