5 0.4703125 0.3421875 0.009765625 0.02734375
5 0.50859375 0.18359375 0.0125 0.019921875
5 0.5109375 0.5390625 0.008984375 0.02265625
5 0.48125 0.2390625 0.0125 0.016015625
5 0.5671875 0.0078125 0.009765625 0.015234375
5 0.653125 0.928125 0.012109375 0.021484375
5 0.6046875 0.39609375 0.008984375 0.016796875
5 0.43828125 0.646875 0.0109375 0.01328125
5 0.38671875 0.8859375 0.008203125 0.024609375
5 0.48125 0.7734375 0.012109375 0.025
5 0.6484375 0.22734375 0.0125 0.019921875
5 0.5640625 0.20390625 0.009765625 0.014453125
5 0.446875 0.70234375 0.008984375 0.021875
5 0.62578125 0.671875 0.009375 0.021875