1 0.1796875 0.846875 0.019140625 0.040625
4 0.0421875 0.76640625 0.025390625 0.020703125
4 0.1765625 0.24609375 0.02734375 0.026953125
4 0.14296875 0.69453125 0.023828125 0.023046875
4 0.328125 0.19765625 0.022265625 0.023046875
4 0.225 0.2984375 0.021875 0.024609375
4 0.16015625 0.6265625 0.021875 0.02109375
1 0.16875 0.925 0.025390625 0.028125
4 0.2515625 0.2015625 0.024609375 0.02734375
1 0.19453125 0.6625 0.019921875 0.03828125
4 0.3546875 0.028125 0.021875 0.022265625
4 0.1796875 0.73359375 0.02734375 0.025