5 0.69921875 0.50234375 0.0140625 0.02265625
5 0.665625 0.16796875 0.01640625 0.0125
5 0.6546875 0.97890625 0.01015625 0.02421875
5 0.55 0.43125 0.0125 0.02265625
5 0.61015625 0.46328125 0.0125 0.01796875
5 0.51796875 0.4859375 0.01328125 0.01796875
5 0.453125 0.9171875 0.0125 0.01171875
5 0.46015625 0.9796875 0.0078125 0.02265625
5 0.53828125 0.815625 0.0078125 0.021875
5 0.64609375 0.67734375 0.00859375 0.01796875
5 0.503125 0.59140625 0.00859375 0.0234375
5 0.62265625 0.25390625 0.01171875 0.015625