1 0.478125 0.4109375 0.015625 0.030859375
1 0.496875 0.51796875 0.019140625 0.01875
1 0.51640625 0.43984375 0.021875 0.021875
1 0.440625 0.58203125 0.01796875 0.025
1 0.66640625 0.37578125 0.026953125 0.026953125
1 0.5 0.14375 0.021484375 0.025
1 0.24453125 0.3296875 0.019921875 0.025390625
1 0.334375 0.34609375 0.021484375 0.026953125
4 0.28125 0.3484375 0.015234375 0.031640625
1 0.37421875 0.3609375 0.015625 0.037890625
4 0.25 0.41171875 0.0125 0.029296875
4 0.0421875 0.36484375 0.016015625 0.038671875
4 0.2109375 0.38359375 0.015234375 0.029296875
4 0.29921875 0.5578125 0.0125 0.030859375
4 0.06015625 0.2875 0.0171875 0.037890625
4 0.01328125 0.25546875 0.017578125 0.035546875
4 0.0046875 0.13515625 0.009375 0.0359375