5 0.83984375 0.7453125 0.01171875 0.028125
5 0.88203125 0.2796875 0.0140625 0.0203125
5 0.83125 0.45078125 0.009375 0.01953125
5 0.79453125 0.240625 0.0109375 0.0171875
5 0.80546875 0.0359375 0.0109375 0.01484375
5 0.73359375 0.2109375 0.01171875 0.02109375
5 0.6828125 0.83046875 0.0125 0.02421875
5 0.70078125 0.2640625 0.0140625 0.0140625
5 0.6453125 0.75078125 0.009375 0.0234375
5 0.63828125 0.68984375 0.01171875 0.0140625
5 0.6859375 0.371875 0.00859375 0.0234375
5 0.72421875 0.58671875 0.01015625 0.02578125
5 0.575 0.9328125 0.0109375 0.025