2 0.33203125 0.63046875 0.0140625 0.03046875
2 0.94375 0.44921875 0.0125 0.02265625
2 0.78515625 0.46328125 0.009375 0.02421875
2 0.8953125 0.728125 0.01328125 0.02421875
2 0.4890625 0.3484375 0.01328125 0.02578125
2 0.340625 0.375 0.0125 0.02109375
2 0.5296875 0.45390625 0.01171875 0.025
2 0.4765625 0.61171875 0.01640625 0.02578125
2 0.61015625 0.64921875 0.01484375 0.028125
2 0.4078125 0.41796875 0.01171875 0.02109375
2 0.6375 0.571875 0.01328125 0.025
2 0.828125 0.678125 0.01484375 0.0234375
2 0.4 0.17421875 0.01328125 0.02890625