1 0.1796875 0.771875 0.02421875 0.0203125
1 0.01171875 0.8359375 0.0234375 0.04765625
1 0.7265625 0.91484375 0.0234375 0.0234375
1 0.4390625 0.55 0.021875 0.03828125
1 0.53125 0.759375 0.021875 0.02890625
1 0.69453125 0.759375 0.02265625 0.02890625
1 0.29453125 0.884375 0.0140625 0.0390625
1 0.45703125 0.840625 0.01640625 0.04140625
1 0.38828125 0.82734375 0.01640625 0.03984375
1 0.62421875 0.31640625 0.0171875 0.01640625
1 0.3109375 0.54453125 0.015625 0.04140625
1 0.3390625 0.71171875 0.01640625 0.0421875