1 0.3921875 0.85625 0.01875 0.02890625
1 0.45078125 0.7890625 0.0265625 0.01953125
4 0.19453125 0.6765625 0.01328125 0.034375
1 0.434375 0.67421875 0.01640625 0.034375
4 0.246875 0.834375 0.0125 0.03359375
1 0.4578125 0.40234375 0.01953125 0.0234375
1 0.47109375 0.70703125 0.02265625 0.02265625
1 0.28515625 0.61171875 0.0203125 0.03046875
4 0.22734375 0.6140625 0.0140625 0.0328125
1 0.15625 0.65 0.01484375 0.028125
1 0.325 0.62265625 0.015625 0.0359375
1 0.62578125 0.6453125 0.0296875 0.03125
4 0.0046875 0.55 0.009375 0.03671875
1 0.19140625 0.59375 0.02109375 0.028125