1 0.17890625 0.76953125 0.0265625 0.020703125
1 0.33515625 0.63125 0.0234375 0.021484375
1 0.36484375 0.3578125 0.025 0.028515625
1 0.9609375 0.15625 0.03125 0.040234375
1 0.83515625 0.26875 0.026171875 0.034765625
1 0.4828125 0.24453125 0.01640625 0.040625
1 0.121875 0.28828125 0.016015625 0.021875
1 0.6640625 0.346875 0.021484375 0.01953125
1 0.42578125 0.6453125 0.020703125 0.031640625
1 0.4859375 0.57421875 0.01875 0.030078125
1 0.5015625 0.4265625 0.009765625 0.046484375
1 0.58203125 0.55234375 0.0140625 0.035546875
1 0.190625 0.9375 0.022265625 0.025390625
1 0.825 0.0390625 0.01328125 0.046875