1 0.86640625 0.98828125 0.02109375 0.02265625
1 0.9265625 0.928125 0.0234375 0.0171875
1 0.94296875 0.5375 0.0234375 0.0234375
1 0.67109375 0.70859375 0.01875 0.02890625
1 0.9109375 0.8109375 0.01640625 0.0359375
4 0.671875 0.7953125 0.01484375 0.034375
1 0.94921875 0.84609375 0.0234375 0.01875
1 0.7640625 0.734375 0.01953125 0.0265625
4 0.80234375 0.75234375 0.01171875 0.03671875
4 0.69921875 0.7390625 0.01328125 0.03359375
4 0.721875 0.95546875 0.01328125 0.03515625
4 0.42890625 0.48828125 0.01484375 0.03359375
4 0.484375 0.653125 0.01484375 0.0390625
4 0.459375 0.72890625 0.01328125 0.03828125
4 0.43671875 0.6109375 0.0140625 0.0359375
4 0.634375 0.7625 0.01171875 0.03203125
4 0.346875 0.440625 0.01328125 0.03359375