1 0.378125 0.9859375 0.0203125 0.02734375
4 0.2328125 0.965625 0.0125 0.0359375
1 0.4203125 0.80625 0.0171875 0.03359375
1 0.4375 0.9203125 0.02265625 0.01953125
1 0.4453125 0.5296875 0.01875 0.01796875
4 0.18046875 0.80546875 0.01328125 0.03359375
1 0.31015625 0.75390625 0.0125 0.03828125
4 0.2125 0.740625 0.015625 0.0390625
1 0.2703125 0.7390625 0.01875 0.028125
1 0.46015625 0.83671875 0.0234375 0.025
4 0.140625 0.77578125 0.01328125 0.0328125
1 0.61484375 0.77578125 0.02578125 0.02578125
1 0.17734375 0.71875 0.02265625 0.0265625